NbNoeuds: 2080
NbLiaison: 2483
NbCommodite: 700
Gamma: 119

v 2080 3125.00 4575.00
v 2079 3025.00 4575.00
v 2078 10950.00 4275.00
v 2077 3125.00 8775.00
v 2076 3025.00 8775.00
v 2075 2925.00 8775.00
v 2074 2825.00 8775.00
v 2073 9975.00 11750.00
v 2072 11225.00 4325.00
v 2071 11125.00 14300.00
v 2070 10975.00 14300.00
v 2069 6300.00 3475.00
v 2068 10875.00 4775.00
v 2067 3325.00 13825.00
v 2066 4675.00 11925.00
v 2065 6740.00 2355.00
v 2064 6740.00 2256.00
v 2063 10550.00 3325.00
v 2062 5325.00 15275.00
v 2061 7975.00 13175.00
v 2060 9375.00 13675.00
v 2059 5675.00 11725.00
v 2058 10950.00 4500.00
v 2057 10950.00 4400.00
v 2056 8775.00 9325.00
v 2055 8775.00 9425.00
v 2054 8775.00 9525.00
v 2053 8775.00 9725.00
v 2052 8375.00 7975.00
v 2051 3750.00 14300.00
v 2050 9725.00 6975.00
v 2049 9725.00 6775.00
v 2048 6925.00 12675.00
v 2047 8500.00 11325.00
v 2046 4125.00 13675.00
v 2045 11350.00 15925.00
v 2044 2225.00 6775.00
v 2043 6325.00 15525.00
v 2042 2775.00 8125.00
v 2041 9275.00 11425.00
v 2040 3750.00 6575.00
v 2039 11175.00 14775.00
v 2038 10775.00 14975.00
v 2037 7275.00 7475.00
v 2036 7425.00 7425.00
v 2035 7475.00 7525.00
v 2034 4625.00 3875.00
v 2033 5850.00 4275.00
v 2032 10175.00 2175.00
v 2031 7625.00 4975.00
v 2030 10425.00 15275.00
v 2029 10675.00 15925.00
v 2028 10575.00 15925.00
v 2027 10475.00 15925.00
v 2026 5337.00 2651.00
v 2025 9625.00 14225.00
v 2024 5675.00 14975.00
v 2023 5150.00 15525.00
v 2022 5150.00 15625.00
v 2021 7775.00 5450.00
v 2020 7625.00 5450.00
v 2019 7475.00 5450.00
v 2018 7500.00 5350.00
v 2017 7500.00 5250.00
v 2016 9425.00 7625.00
v 2015 9775.00 4775.00
v 2014 2525.00 12125.00
v 2013 7575.00 12325.00
v 2012 7625.00 12125.00
v 2011 5075.00 4975.00
v 2010 8375.00 3975.00
v 2009 2675.00 12025.00
v 2008 4925.00 14675.00
v 2007 4875.00 14575.00
v 2006 9975.00 12325.00
v 2005 6725.00 15975.00
v 2004 11075.00 14725.00
v 2003 11075.00 14575.00
v 2002 10925.00 14575.00
v 2001 2150.00 2925.00
v 2000 2425.00 2925.00
v 1999 2400.00 12500.00
v 1998 2600.00 15625.00
v 1997 2600.00 15775.00
v 1996 2450.00 15725.00
v 1995 5225.00 5175.00
v 1994 6700.00 3475.00
v 1993 6700.00 3375.00
v 1992 10437.00 2651.00
v 1991 2175.00 14225.00
v 1990 3700.00 8775.00
v 1989 3800.00 8675.00
v 1988 3700.00 8575.00
v 1987 9550.00 3875.00
v 1986 1975.00 7075.00
v 1985 6850.00 4550.00
v 1984 2650.00 7750.00
v 1983 7075.00 6200.00
v 1982 7075.00 6000.00
v 1981 7175.00 6025.00
v 1980 6875.00 14775.00
v 1979 10950.00 11425.00
v 1978 7225.00 4775.00
v 1977 10175.00 9325.00
v 1976 7725.00 4175.00
v 1975 9825.00 7475.00
v 1974 11400.00 5975.00
v 1973 11400.00 6375.00
v 1972 3300.00 4275.00
v 1971 6225.00 2675.00
v 1970 6225.00 2575.00
v 1969 2525.00 2675.00
v 1968 8375.00 15125.00
v 1967 3400.00 11325.00
v 1966 8250.00 12325.00
v 1965 6675.00 8475.00
v 1964 5336.00 2249.00
v 1963 9925.00 14425.00
v 1962 4325.00 14775.00
v 1961 2875.00 12325.00
v 1960 1928.00 8820.00
v 1959 9215.00 5610.00
v 1958 7775.00 12325.00
v 1957 10525.00 13175.00
v 1956 10525.00 13275.00
v 1955 6075.00 12525.00
v 1954 5450.00 3325.00
v 1953 4875.00 11750.00
v 1952 4775.00 11750.00
v 1951 6700.00 10850.00
v 1950 6700.00 10725.00
v 1949 6700.00 10625.00
v 1948 1725.00 11425.00
v 1947 1625.00 11425.00
v 1946 7325.00 15975.00
v 1945 6225.00 5375.00
v 1944 6325.00 5325.00
v 1943 10300.00 14900.00
v 1942 10475.00 4975.00
v 1941 4600.00 11575.00
v 1940 9875.00 15975.00
v 1939 8525.00 14575.00
v 1938 8375.00 14575.00
v 1937 7975.00 15075.00
v 1936 11125.00 7150.00
v 1935 10975.00 7150.00
v 1934 6025.00 3925.00
v 1933 9275.00 15975.00
v 1932 8825.00 4325.00
v 1931 6300.00 6375.00
v 1930 11325.00 5375.00
v 1929 6300.00 7150.00
v 1928 1975.00 14625.00
v 1927 4175.00 4275.00
v 1926 4275.00 4275.00
v 1925 4225.00 4375.00
v 1924 9575.00 13975.00
v 1923 9725.00 13925.00
v 1922 9725.00 14125.00
v 1921 3574.00 5908.00
v 1920 7925.00 5450.00
v 1919 2050.00 4425.00
v 1918 7175.00 14125.00
v 1917 4900.00 14925.00
v 1916 8775.00 11575.00
v 1915 8675.00 11475.00
v 1914 9290.00 2256.00
v 1913 9289.00 2156.00
v 1912 4115.00 12760.00
v 1911 7475.00 12600.00
v 1910 5875.00 14025.00
v 1909 3325.00 8225.00
v 1908 4475.00 4925.00
v 1907 10825.00 14750.00
v 1906 6676.00 7560.00
v 1905 9575.00 6825.00
v 1904 1600.00 3375.00
v 1903 1600.00 3275.00
v 1902 2050.00 4275.00
v 1901 2075.00 3875.00
v 1900 1950.00 4675.00
v 1899 1725.00 6525.00
v 1898 8025.00 7825.00
v 1897 8000.00 10475.00
v 1896 2675.00 4875.00
v 1895 10925.00 7975.00
v 1894 10675.00 7425.00
v 1893 10525.00 7425.00
v 1892 10525.00 7575.00
v 1891 10450.00 7750.00
v 1890 10425.00 7875.00
v 1889 10675.00 6125.00
v 1888 10825.00 6025.00
v 1887 11025.00 6050.00
v 1886 11224.00 5908.00
v 1885 3575.00 11475.00
v 1884 3675.00 11575.00
v 1883 3675.00 11725.00
v 1882 3675.00 11825.00
v 1881 10435.00 9601.00
v 1880 7575.00 5175.00
v 1879 2125.00 4775.00
v 1878 10950.00 11275.00
v 1877 9250.00 3700.00
v 1876 1950.00 11325.00
v 1875 6225.00 2375.00
v 1874 11350.00 15725.00
v 1873 7625.00 12600.00
v 1872 7775.00 12600.00
v 1871 11450.00 15825.00
v 1870 9925.00 7275.00
v 1869 9725.00 7575.00
v 1868 7175.00 3875.00
v 1867 5875.00 12125.00
v 1866 3700.00 15725.00
v 1865 8625.00 5375.00
v 1864 5750.00 11675.00
v 1863 4150.00 10525.00
v 1862 6325.00 7925.00
v 1861 2125.00 11925.00
v 1860 4125.00 7260.00
v 1859 2675.00 5175.00
v 1858 6925.00 12425.00
v 1857 6925.00 12575.00
v 1856 5425.00 12325.00
v 1855 8075.00 15275.00
v 1854 8175.00 15225.00
v 1853 3275.00 15125.00
v 1852 4300.00 4550.00
v 1851 1825.00 5525.00
v 1850 1825.00 5675.00
v 1849 10325.00 12325.00
v 1848 6775.00 11525.00
v 1847 6825.00 11425.00
v 1846 6725.00 11425.00
v 1845 5075.00 9425.00
v 1844 5075.00 9525.00
v 1843 3525.00 8325.00
v 1842 11175.00 13725.00
v 1841 11400.00 13725.00
v 1840 11400.00 13525.00
v 1839 11400.00 13125.00
v 1838 3300.00 11275.00
v 1837 9700.00 11425.00
v 1836 8325.00 15775.00
v 1835 8375.00 15925.00
v 1834 8225.00 15925.00
v 1833 11425.00 15375.00
v 1832 3775.00 7925.00
v 1831 3675.00 7875.00
v 1830 3525.00 7825.00
v 1829 3425.00 7575.00
v 1828 10325.00 5175.00
v 1827 7775.00 12175.00
v 1826 7675.00 12225.00
v 1825 10450.00 14900.00
v 1824 4425.00 2925.00
v 1823 4275.00 2975.00
v 1822 4190.00 2656.00
v 1821 4189.00 2556.00
v 1820 4189.00 2456.00
v 1819 4190.00 2355.00
v 1818 4190.00 2256.00
v 1817 9290.00 2355.00
v 1816 9289.00 2456.00
v 1815 2325.00 14575.00
v 1814 2875.00 15225.00
v 1813 2975.00 15275.00
v 1812 4125.00 15525.00
v 1811 4125.00 15625.00
v 1810 9475.00 8825.00
v 1809 2050.00 4525.00
v 1808 8025.00 5450.00
v 1807 10775.00 15925.00
v 1806 10875.00 15775.00
v 1805 10975.00 15725.00
v 1804 11175.00 15625.00
v 1803 11224.00 13058.00
v 1802 11025.00 13200.00
v 1801 7925.00 12600.00
v 1800 7975.00 12325.00
v 1799 7875.00 12225.00
v 1798 9225.00 8375.00
v 1797 9225.00 8275.00
v 1796 9225.00 8175.00
v 1795 8775.00 8075.00
v 1794 8725.00 8175.00
v 1793 9875.00 11750.00
v 1792 11325.00 2175.00
v 1791 8400.00 4275.00
v 1790 7875.00 15025.00
v 1789 7900.00 14900.00
v 1788 7975.00 14725.00
v 1787 5425.00 6025.00
v 1786 5425.00 6125.00
v 1785 5575.00 6125.00
v 1784 5725.00 6025.00
v 1783 6925.00 12175.00
v 1782 7025.00 12225.00
v 1781 7125.00 12125.00
v 1780 11425.00 12475.00
v 1779 8125.00 5450.00
v 1778 9800.00 4175.00
v 1777 9700.00 4125.00
v 1776 4775.00 15975.00
v 1775 3075.00 8075.00
v 1774 3075.00 7975.00
v 1773 5675.00 7825.00
v 1772 9375.00 2975.00
v 1771 9525.00 2925.00
v 1770 9800.00 2925.00
v 1769 10075.00 2925.00
v 1768 10175.00 2675.00
v 1767 8525.00 8225.00
v 1766 8625.00 8325.00
v 1765 8725.00 8325.00
v 1764 6300.00 10775.00
v 1763 6200.00 10975.00
v 1762 4600.00 4275.00
v 1761 2075.00 6025.00
v 1760 11175.00 8325.00
v 1759 11375.00 6975.00
v 1758 11325.00 7075.00
v 1757 11175.00 6975.00
v 1756 10975.00 6875.00
v 1755 11075.00 6775.00
v 1754 3025.00 12600.00
v 1753 2475.00 12325.00
v 1752 2575.00 12225.00
v 1751 2675.00 12175.00
v 1750 2775.00 12225.00
v 1749 9475.00 5675.00
v 1748 11175.00 5375.00
v 1747 4150.00 10725.00
v 1746 4150.00 10850.00
v 1745 4300.00 11600.00
v 1744 3675.00 2175.00
v 1743 3675.00 2275.00
v 1742 3675.00 2375.00
v 1741 3675.00 2575.00
v 1740 5336.00 9298.00
v 1739 5336.00 9399.00
v 1738 5336.00 9502.00
v 1737 5335.00 9601.00
v 1736 2400.00 12400.00
v 1735 11175.00 8475.00
v 1734 7025.00 12075.00
v 1733 4125.00 14860.00
v 1732 4125.00 14861.00
v 1731 2375.00 12600.00
v 1730 1575.00 8375.00
v 1729 9226.00 14710.00
v 1728 6225.00 15225.00
v 1727 6175.00 15325.00
v 1726 6675.00 13675.00
v 1725 6825.00 13675.00
v 1724 1565.00 5310.00
v 1723 1565.00 5460.00
v 1722 1565.00 5610.00
v 1721 10175.00 2575.00
v 1720 10175.00 2375.00
v 1719 10175.00 2275.00
v 1718 11425.00 15225.00
v 1717 11325.00 15225.00
v 1716 11275.00 15325.00
v 1715 1639.00 9706.00
v 1714 6675.00 8375.00
v 1713 6675.00 8275.00
v 1712 6675.00 8175.00
v 1711 11325.00 2675.00
v 1710 11325.00 2575.00
v 1709 11325.00 2275.00
v 1708 10150.00 8225.00
v 1707 11325.00 9425.00
v 1706 11325.00 9725.00
v 1705 7075.00 13150.00
v 1704 7075.00 13350.00
v 1703 7175.00 13575.00
v 1702 4700.00 11575.00
v 1701 4700.00 11675.00
v 1700 2975.00 7975.00
v 1699 2775.00 8025.00
v 1698 2875.00 8075.00
v 1697 2975.00 8125.00
v 1696 9725.00 5075.00
v 1695 2375.00 15875.00
v 1694 2425.00 15975.00
v 1693 5675.00 8775.00
v 1692 5825.00 8775.00
v 1691 5775.00 8625.00
v 1690 3775.00 8225.00
v 1689 3775.00 8375.00
v 1688 4125.00 8375.00
v 1687 8625.00 5275.00
v 1686 8575.00 5175.00
v 1685 8550.00 5025.00
v 1684 8425.00 4975.00
v 1683 10435.00 2552.00
v 1682 10435.00 2451.00
v 1681 1640.00 2355.00
v 1680 1639.00 2456.00
v 1679 1639.00 2556.00
v 1678 1640.00 2656.00
v 1677 1725.00 2975.00
v 1676 8375.00 5075.00
v 1675 6250.00 15925.00
v 1674 9575.00 7625.00
v 1673 2450.00 10475.00
v 1672 2450.00 10875.00
v 1671 6075.00 5375.00
v 1670 8400.00 11425.00
v 1669 9225.00 13825.00
v 1668 9375.00 13825.00
v 1667 9575.00 13825.00
v 1666 9725.00 13575.00
v 1665 9625.00 13350.00
v 1664 9625.00 13150.00
v 1663 9475.00 12825.00
v 1662 9475.00 12675.00
v 1661 9475.00 12575.00
v 1660 9475.00 12425.00
v 1659 9575.00 12225.00
v 1658 9675.00 12125.00
v 1657 11100.00 12175.00
v 1656 11422.00 12354.00
v 1655 11450.00 12225.00
v 1654 11450.00 12075.00
v 1653 11325.00 12075.00
v 1652 11325.00 11925.00
v 1651 6739.00 9706.00
v 1650 6739.00 9606.00
v 1649 6740.00 9505.00
v 1648 6740.00 9406.00
v 1647 6739.00 9306.00
v 1646 5775.00 8525.00
v 1645 3525.00 8475.00
v 1644 3325.00 8575.00
v 1643 3225.00 8525.00
v 1642 3225.00 8625.00
v 1641 3275.00 8775.00
v 1640 9475.00 5275.00
v 1639 9475.00 5425.00
v 1638 9475.00 5525.00
v 1637 3775.00 8075.00
v 1636 3675.00 8075.00
v 1635 2150.00 4525.00
v 1634 2150.00 4425.00
v 1633 2150.00 4325.00
v 1632 5775.00 4775.00
v 1631 4125.00 7710.00
v 1630 4125.00 7560.00
v 1629 4126.00 7560.00
v 1628 10875.00 14475.00
v 1627 10975.00 13825.00
v 1626 11075.00 13925.00
v 1625 11175.00 14125.00
v 1624 11425.00 15075.00
v 1623 11325.00 15025.00
v 1622 11175.00 14975.00
v 1621 11175.00 14875.00
v 1620 11025.00 14875.00
v 1619 11025.00 14975.00
v 1618 10925.00 15125.00
v 1617 6000.00 12175.00
v 1616 6025.00 12325.00
v 1615 6075.00 12425.00
v 1614 6225.00 12425.00
v 1613 6322.00 12354.00
v 1612 6350.00 12225.00
v 1611 9325.00 11525.00
v 1610 9400.00 11600.00
v 1609 9325.00 11650.00
v 1608 10775.00 11425.00
v 1607 7375.00 14425.00
v 1606 8425.00 13825.00
v 1605 3775.00 15525.00
v 1604 3775.00 15375.00
v 1603 5075.00 2675.00
v 1602 4975.00 2925.00
v 1601 4700.00 2925.00
v 1600 2525.00 12600.00
v 1599 2675.00 12600.00
v 1598 8775.00 11725.00
v 1597 2600.00 15375.00
v 1596 2500.00 15375.00
v 1595 5575.00 7425.00
v 1594 2425.00 8825.00
v 1593 2375.00 8725.00
v 1592 4975.00 8825.00
v 1591 4925.00 8725.00
v 1590 3775.00 12475.00
v 1589 8300.00 4525.00
v 1588 8225.00 4575.00
v 1587 8125.00 4575.00
v 1586 7550.00 3925.00
v 1585 5875.00 15375.00
v 1584 5975.00 15375.00
v 1583 6075.00 15625.00
v 1582 5875.00 15725.00
v 1581 5775.00 15675.00
v 1580 7625.00 9425.00
v 1579 7625.00 9325.00
v 1578 8175.00 15125.00
v 1577 8075.00 15125.00
v 1576 8225.00 14575.00
v 1575 6300.00 13525.00
v 1574 6300.00 13725.00
v 1573 5925.00 13600.00
v 1572 3750.00 7150.00
v 1571 10100.00 8575.00
v 1570 5475.00 4175.00
v 1569 3775.00 5325.00
v 1568 8325.00 11925.00
v 1567 8475.00 11925.00
v 1566 6725.00 4275.00
v 1565 6775.00 4375.00
v 1564 6850.00 4450.00
v 1563 6775.00 4500.00
v 1562 6665.00 4560.00
v 1561 3300.00 4500.00
v 1560 3200.00 4525.00
v 1559 3200.00 4425.00
v 1558 3200.00 4325.00
v 1557 3200.00 4175.00
v 1556 3300.00 4125.00
v 1555 11025.00 4775.00
v 1554 11400.00 10625.00
v 1553 5025.00 15125.00
v 1552 4900.00 15025.00
v 1551 4725.00 14975.00
v 1550 4525.00 14875.00
v 1549 3725.00 6975.00
v 1548 3675.00 7075.00
v 1547 11225.00 11475.00
v 1546 7175.00 7575.00
v 1545 6825.00 6675.00
v 1544 7025.00 6675.00
v 1543 7175.00 6425.00
v 1542 3075.00 15225.00
v 1541 11050.00 4675.00
v 1540 11175.00 4725.00
v 1539 4525.00 14625.00
v 1538 4126.00 14710.00
v 1537 2050.00 11275.00
v 1536 1575.00 7710.00
v 1535 1575.00 7560.00
v 1534 1575.00 7410.00
v 1533 1576.00 7409.00
v 1532 1575.00 7260.00
v 1531 2075.00 6425.00
v 1530 1975.00 6200.00
v 1529 1975.00 6000.00
v 1528 2025.00 4975.00
v 1527 1925.00 4925.00
v 1526 1825.00 5025.00
v 1525 9250.00 3575.00
v 1524 11125.00 3825.00
v 1523 11125.00 3925.00
v 1522 11025.00 3975.00
v 1521 10925.00 3975.00
v 1520 11375.00 4325.00
v 1519 11325.00 4425.00
v 1518 11325.00 4675.00
v 1517 11325.00 4775.00
v 1516 11325.00 4925.00
v 1515 11450.00 4925.00
v 1514 3025.00 14575.00
v 1513 10425.00 15175.00
v 1512 10525.00 15225.00
v 1511 1639.00 9606.00
v 1510 1576.00 7259.00
v 1509 1575.00 7075.00
v 1508 9625.00 7075.00
v 1507 9225.00 6525.00
v 1506 8625.00 7725.00
v 1505 5875.00 8575.00
v 1504 6125.00 4325.00
v 1503 5925.00 4775.00
v 1502 10925.00 11025.00
v 1501 10925.00 11125.00
v 1500 11025.00 11125.00
v 1499 11125.00 11075.00
v 1498 11125.00 10975.00
v 1497 1725.00 13825.00
v 1496 10675.00 4575.00
v 1495 10975.00 6675.00
v 1494 8775.00 7075.00
v 1493 8825.00 6975.00
v 1492 5950.00 11325.00
v 1491 4125.00 8275.00
v 1490 3525.00 7475.00
v 1489 3425.00 7425.00
v 1488 3275.00 7425.00
v 1487 2775.00 7875.00
v 1486 2875.00 7925.00
v 1485 2925.00 7825.00
v 1484 5825.00 11025.00
v 1483 7175.00 13925.00
v 1482 7975.00 13275.00
v 1481 8125.00 13275.00
v 1480 8350.00 12425.00
v 1479 8400.00 12325.00
v 1478 10375.00 4175.00
v 1477 10275.00 4175.00
v 1476 7150.00 4275.00
v 1475 9325.00 4375.00
v 1474 9375.00 4275.00
v 1473 1925.00 5075.00
v 1472 1825.00 5275.00
v 1471 1825.00 5425.00
v 1470 11425.00 7925.00
v 1469 11325.00 7875.00
v 1468 11175.00 7825.00
v 1467 11175.00 7725.00
v 1466 11175.00 7625.00
v 1465 11075.00 7575.00
v 1464 11175.00 7475.00
v 1463 11075.00 7425.00
v 1462 10925.00 7425.00
v 1461 10875.00 7325.00
v 1460 10775.00 7425.00
v 1459 10725.00 7575.00
v 1458 10975.00 8575.00
v 1457 6675.00 15125.00
v 1456 8325.00 14475.00
v 1455 7975.00 14575.00
v 1454 8125.00 14575.00
v 1453 8525.00 15375.00
v 1452 8425.00 15375.00
v 1451 5475.00 15925.00
v 1450 5575.00 15925.00
v 1449 5675.00 15925.00
v 1448 5825.00 15925.00
v 1447 5775.00 15775.00
v 1446 3675.00 12075.00
v 1445 3675.00 11925.00
v 1444 3525.00 11875.00
v 1443 3400.00 11825.00
v 1442 3300.00 11650.00
v 1441 2525.00 9325.00
v 1440 4625.00 3975.00
v 1439 3475.00 3825.00
v 1438 3650.00 3825.00
v 1437 3675.00 2675.00
v 1436 1639.00 2156.00
v 1435 1640.00 2256.00
v 1434 1600.00 3575.00
v 1433 1575.00 6525.00
v 1432 8674.00 13058.00
v 1431 8475.00 13200.00
v 1430 8275.00 13175.00
v 1429 5150.00 15375.00
v 1428 5125.00 15275.00
v 1427 8625.00 7625.00
v 1426 6225.00 2175.00
v 1425 4525.00 3975.00
v 1424 4450.00 3875.00
v 1423 4325.00 3875.00
v 1422 4175.00 3900.00
v 1421 4150.00 3700.00
v 1420 2785.00 2451.00
v 1419 2785.00 2552.00
v 1418 2525.00 4975.00
v 1417 8475.00 14975.00
v 1416 8475.00 14875.00
v 1415 3525.00 7625.00
v 1414 3525.00 7725.00
v 1413 3375.00 7725.00
v 1412 3375.00 7825.00
v 1411 10175.00 12600.00
v 1410 5950.00 4175.00
v 1409 5575.00 5450.00
v 1408 5800.00 5375.00
v 1407 5850.00 12325.00
v 1406 5825.00 12225.00
v 1405 9875.00 4275.00
v 1404 9975.00 4275.00
v 1403 10075.00 4175.00
v 1402 7250.00 2925.00
v 1401 5850.00 4125.00
v 1400 10325.00 5025.00
v 1399 10425.00 5075.00
v 1398 10525.00 5175.00
v 1397 4125.00 7711.00
v 1396 3198.00 2925.00
v 1395 2925.00 2925.00
v 1394 2787.00 2651.00
v 1393 1575.00 7711.00
v 1392 7075.00 14875.00
v 1391 7275.00 14975.00
v 1390 7450.00 14925.00
v 1389 7450.00 15025.00
v 1388 7575.00 15125.00
v 1387 8125.00 15925.00
v 1386 8025.00 15925.00
v 1385 8625.00 15475.00
v 1384 3025.00 15925.00
v 1383 2925.00 15925.00
v 1382 7050.00 11325.00
v 1381 7150.00 11275.00
v 1380 4275.00 13825.00
v 1379 4725.00 14625.00
v 1378 4625.00 14725.00
v 1377 4475.00 14775.00
v 1376 4375.00 14875.00
v 1375 2525.00 8725.00
v 1374 2600.00 8625.00
v 1373 2600.00 8475.00
v 1372 2600.00 8375.00
v 1371 2197.00 8703.00
v 1370 2225.00 8825.00
v 1369 8400.00 11650.00
v 1368 8175.00 14725.00
v 1367 7150.00 11675.00
v 1366 7050.00 11825.00
v 1365 5825.00 11125.00
v 1364 3675.00 9525.00
v 1363 3675.00 9425.00
v 1362 3675.00 9325.00
v 1361 1625.00 11050.00
v 1360 1600.00 10850.00
v 1359 1600.00 10725.00
v 1358 1600.00 10625.00
v 1357 1600.00 10525.00
v 1356 1600.00 10425.00
v 1355 1575.00 8275.00
v 1354 1575.00 8175.00
v 1353 1565.00 12460.00
v 1352 1565.00 12310.00
v 1351 8300.00 4325.00
v 1350 8300.00 4425.00
v 1349 8400.00 4400.00
v 1348 8400.00 4500.00
v 1347 8500.00 4675.00
v 1346 8625.00 4725.00
v 1345 10175.00 9825.00
v 1344 10075.00 10075.00
v 1343 9800.00 10075.00
v 1342 9525.00 10075.00
v 1341 9289.00 9706.00
v 1340 9289.00 9606.00
v 1339 9290.00 9505.00
v 1338 9290.00 9406.00
v 1337 9289.00 9306.00
v 1336 8775.00 9825.00
v 1335 7250.00 11325.00
v 1334 4189.00 9706.00
v 1333 4189.00 9606.00
v 1332 4190.00 9505.00
v 1331 4190.00 9406.00
v 1330 4375.00 8825.00
v 1329 4478.00 8820.00
v 1328 4747.00 8703.00
v 1327 5375.00 15925.00
v 1326 5925.00 14975.00
v 1325 5925.00 14875.00
v 1324 8000.00 11075.00
v 1323 8000.00 10875.00
v 1322 8575.00 10975.00
v 1321 8750.00 10975.00
v 1320 7475.00 8725.00
v 1319 7525.00 8825.00
v 1318 7625.00 8725.00
v 1317 7700.00 8625.00
v 1316 7700.00 8475.00
v 1315 7700.00 8375.00
v 1314 7700.00 8225.00
v 1313 7675.00 8125.00
v 1312 3675.00 12525.00
v 1311 3525.00 12525.00
v 1310 3525.00 12425.00
v 1309 3475.00 12325.00
v 1308 3450.00 12175.00
v 1307 3325.00 12125.00
v 1306 1575.00 15625.00
v 1305 1575.00 15525.00
v 1304 1575.00 15425.00
v 1303 1575.00 15325.00
v 1302 6075.00 4725.00
v 1301 10575.00 10075.00
v 1300 10848.00 10075.00
v 1299 11125.00 10075.00
v 1298 9550.00 11025.00
v 1297 10250.00 15375.00
v 1296 10250.00 15525.00
v 1295 10725.00 14725.00
v 1294 10775.00 14575.00
v 1293 10675.00 14575.00
v 1292 10525.00 14575.00
v 1291 10525.00 14725.00
v 1290 5336.00 2148.00
v 1289 1639.00 9306.00
v 1288 1640.00 9406.00
v 1287 2450.00 3725.00
v 1286 2450.00 3325.00
v 1285 1875.00 2925.00
v 1284 2525.00 2175.00
v 1283 2525.00 2275.00
v 1282 2525.00 2375.00
v 1281 2525.00 2575.00
v 1280 2786.00 2352.00
v 1279 2786.00 2249.00
v 1278 2786.00 2148.00
v 1277 7050.00 4675.00
v 1276 7075.00 4775.00
v 1275 5150.00 8475.00
v 1274 5150.00 8375.00
v 1273 2575.00 15275.00
v 1272 5475.00 14975.00
v 1271 9215.00 12610.00
v 1270 10675.00 8775.00
v 1269 10775.00 8775.00
v 1268 10925.00 8775.00
v 1267 7975.00 5175.00
v 1266 8350.00 5375.00
v 1265 8350.00 5275.00
v 1264 8400.00 5175.00
v 1263 1725.00 10125.00
v 1262 1875.00 10075.00
v 1261 2150.00 10075.00
v 1260 2425.00 10075.00
v 1259 2525.00 9825.00
v 1258 2525.00 9725.00
v 1257 3675.00 9825.00
v 1256 3675.00 9725.00
v 1255 11325.00 9825.00
v 1254 9725.00 3875.00
v 1253 9725.00 3975.00
v 1252 4125.00 13825.00
v 1251 4125.00 14225.00
v 1250 4126.00 14409.00
v 1249 3675.00 15025.00
v 1248 3775.00 15075.00
v 1247 1925.00 13825.00
v 1246 1925.00 13975.00
v 1245 1575.00 14860.00
v 1244 1575.00 14710.00
v 1243 1575.00 14560.00
v 1242 1576.00 14559.00
v 1241 1575.00 14410.00
v 1240 1576.00 14409.00
v 1239 3525.00 15625.00
v 1238 5075.00 15875.00
v 1237 9250.00 10850.00
v 1236 9275.00 11050.00
v 1235 9425.00 11025.00
v 1234 9525.00 11925.00
v 1233 9775.00 11925.00
v 1232 9975.00 14575.00
v 1231 9825.00 14625.00
v 1230 9725.00 14725.00
v 1229 9625.00 14625.00
v 1228 9475.00 14875.00
v 1227 10425.00 15025.00
v 1226 10525.00 15075.00
v 1225 10625.00 15125.00
v 1224 10725.00 15125.00
v 1223 10725.00 15225.00
v 1222 10625.00 15275.00
v 1221 7675.00 5075.00
v 1220 7775.00 5025.00
v 1219 7875.00 5075.00
v 1218 9225.00 7560.00
v 1217 9225.00 7710.00
v 1216 9225.00 7711.00
v 1215 11325.00 9525.00
v 1214 10950.00 11550.00
v 1213 5425.00 7425.00
v 1212 5425.00 7575.00
v 1211 5350.00 7750.00
v 1210 5325.00 7875.00
v 1209 5625.00 14725.00
v 1208 5725.00 14750.00
v 1207 5325.00 15025.00
v 1206 5425.00 15075.00
v 1205 5525.00 15125.00
v 1204 5625.00 15125.00
v 1203 5625.00 15225.00
v 1202 5525.00 15275.00
v 1201 3625.00 15575.00
v 1200 4375.00 15975.00
v 1199 4478.00 15970.00
v 1198 4747.00 15853.00
v 1197 4925.00 15875.00
v 1196 4975.00 15975.00
v 1195 3625.00 8425.00
v 1194 3625.00 8325.00
v 1193 3625.00 8175.00
v 1192 3425.00 8225.00
v 1191 3175.00 7600.00
v 1190 3075.00 7575.00
v 1189 7025.00 5075.00
v 1188 6925.00 5275.00
v 1187 6676.00 14559.00
v 1186 3375.00 3975.00
v 1185 2325.00 4275.00
v 1184 2225.00 4275.00
v 1183 2050.00 4125.00
v 1182 1565.00 4860.00
v 1181 1565.00 5010.00
v 1180 1565.00 5160.00
v 1179 2925.00 10075.00
v 1178 3198.00 10075.00
v 1177 3475.00 10075.00
v 1176 4115.00 12610.00
v 1175 4375.00 12175.00
v 1174 5225.00 12325.00
v 1173 7750.00 7750.00
v 1172 7975.00 7425.00
v 1171 5850.00 4500.00
v 1170 5950.00 4675.00
v 1169 6322.00 5204.00
v 1168 6275.00 4325.00
v 1167 6665.00 4860.00
v 1166 6665.00 4710.00
v 1165 6825.00 4775.00
v 1164 6975.00 4775.00
v 1163 7025.00 4925.00
v 1162 7125.00 4975.00
v 1161 7150.00 4525.00
v 1160 7150.00 4425.00
v 1159 7250.00 4425.00
v 1158 7250.00 4325.00
v 1157 7885.00 2451.00
v 1156 9800.00 4525.00
v 1155 9875.00 4600.00
v 1154 9975.00 4600.00
v 1153 2400.00 5350.00
v 1152 2400.00 5250.00
v 1151 2475.00 5175.00
v 1150 2575.00 5075.00
v 1149 9625.00 6000.00
v 1148 9625.00 6200.00
v 1147 9725.00 6425.00
v 1146 9575.00 6675.00
v 1145 9375.00 6675.00
v 1144 9225.00 6675.00
v 1143 9225.00 6875.00
v 1142 8850.00 6575.00
v 1141 8850.00 6375.00
v 1140 10325.00 12175.00
v 1139 10425.00 12225.00
v 1138 10525.00 12325.00
v 1137 7275.00 14625.00
v 1136 7175.00 14725.00
v 1135 7075.00 14625.00
v 1134 7025.00 14775.00
v 1133 6925.00 14875.00
v 1132 6675.00 14560.00
v 1131 6675.00 14410.00
v 1130 6676.00 14409.00
v 1129 6675.00 14225.00
v 1128 6675.00 14025.00
v 1127 6675.00 13825.00
v 1126 6665.00 12760.00
v 1125 6665.00 12610.00
v 1124 7450.00 7775.00
v 1123 4190.00 9806.00
v 1122 4275.00 10125.00
v 1121 6250.00 8775.00
v 1120 3325.00 15375.00
v 1119 5075.00 9725.00
v 1118 5335.00 9702.00
v 1117 5337.00 9801.00
v 1116 5450.00 10475.00
v 1115 5975.00 8225.00
v 1114 6225.00 7875.00
v 1113 6225.00 2275.00
v 1112 6739.00 2156.00
v 1111 7525.00 2925.00
v 1110 8300.00 4175.00
v 1109 8225.00 4275.00
v 1108 8125.00 4275.00
v 1107 9250.00 10725.00
v 1106 9215.00 11710.00
v 1105 9215.00 11860.00
v 1104 8475.00 6050.00
v 1103 8275.00 6025.00
v 1102 8125.00 6125.00
v 1101 2800.00 7750.00
v 1100 2875.00 7575.00
v 1099 2875.00 7425.00
v 1098 3025.00 7425.00
v 1097 1750.00 4450.00
v 1096 1675.00 4375.00
v 1095 1725.00 4275.00
v 1094 1900.00 3875.00
v 1093 1775.00 3875.00
v 1092 1625.00 3900.00
v 1091 1600.00 3700.00
v 1090 2450.00 3925.00
v 1089 2425.00 4175.00
v 1088 2625.00 4175.00
v 1087 2725.00 4175.00
v 1086 5275.00 4175.00
v 1085 5675.00 4575.00
v 1084 5575.00 4575.00
v 1083 5825.00 5075.00
v 1082 5850.00 5175.00
v 1081 5800.00 5275.00
v 1080 5225.00 5450.00
v 1079 5075.00 5450.00
v 1078 6675.00 8075.00
v 1077 9225.00 8075.00
v 1076 9225.00 7975.00
v 1075 9225.00 7875.00
v 1074 9325.00 7825.00
v 1073 4125.00 15425.00
v 1072 4125.00 15325.00
v 1071 2025.00 12125.00
v 1070 5025.00 12325.00
v 1069 5125.00 12225.00
v 1068 5225.00 12175.00
v 1067 5325.00 12225.00
v 1066 8025.00 11325.00
v 1065 8125.00 11425.00
v 1064 8625.00 11875.00
v 1063 8500.00 11825.00
v 1062 8375.00 12225.00
v 1061 8425.00 12125.00
v 1060 8550.00 12175.00
v 1059 8575.00 12325.00
v 1058 8625.00 12425.00
v 1057 8850.00 13125.00
v 1056 5700.00 12325.00
v 1055 5800.00 12425.00
v 1054 6025.00 14300.00
v 1053 6075.00 14125.00
v 1052 8075.00 7975.00
v 1051 7975.00 7925.00
v 1050 7875.00 7875.00
v 1049 7900.00 7750.00
v 1048 7975.00 7575.00
v 1047 4275.00 11925.00
v 1046 8875.00 15375.00
v 1045 8875.00 15525.00
v 1044 8850.00 14300.00
v 1043 8775.00 14225.00
v 1042 8425.00 14025.00
v 1041 8775.00 12525.00
v 1040 8625.00 12525.00
v 1039 8350.00 12525.00
v 1038 8125.00 12600.00
v 1037 4700.00 4425.00
v 1036 4700.00 4325.00
v 1035 4625.00 13175.00
v 1034 5750.00 4175.00
v 1033 5575.00 4275.00
v 1032 4775.00 4600.00
v 1031 4875.00 4600.00
v 1030 4775.00 6775.00
v 1029 4625.00 6775.00
v 1028 4475.00 6825.00
v 1027 4275.00 6525.00
v 1026 5025.00 7975.00
v 1025 5675.00 7425.00
v 1024 6325.00 8225.00
v 1023 6325.00 8075.00
v 1022 6225.00 8075.00
v 1021 6175.00 8175.00
v 1020 5750.00 11475.00
v 1019 5750.00 11575.00
v 1018 5850.00 11550.00
v 1017 5850.00 11650.00
v 1016 5950.00 11825.00
v 1015 6075.00 11875.00
v 1014 7025.00 13975.00
v 1013 9475.00 5025.00
v 1012 9575.00 5075.00
v 1011 9675.00 4975.00
v 1010 9215.00 5460.00
v 1009 7675.00 15275.00
v 1008 7725.00 15125.00
v 1007 11325.00 11575.00
v 1006 11325.00 11725.00
v 1005 11325.00 11825.00
v 1004 11175.00 11875.00
v 1003 9225.00 15025.00
v 1002 9325.00 14975.00
v 1001 9225.00 14861.00
v 1000 9225.00 14860.00
v 999 9225.00 14710.00
v 998 9225.00 14560.00
v 997 9226.00 14559.00
v 996 9225.00 14410.00
v 995 9226.00 14409.00
v 994 9225.00 14225.00
v 993 9225.00 14025.00
v 992 8525.00 13925.00
v 991 8625.00 13725.00
v 990 8850.00 13725.00
v 989 8850.00 13525.00
v 988 8875.00 12475.00
v 987 8775.00 12425.00
v 986 6675.00 6375.00
v 985 6675.00 6525.00
v 984 6175.00 8325.00
v 983 6075.00 8325.00
v 982 5375.00 8775.00
v 981 5475.00 8775.00
v 980 5675.00 11425.00
v 979 5000.00 10475.00
v 978 5000.00 10875.00
v 977 5000.00 11075.00
v 976 2900.00 10875.00
v 975 1925.00 12075.00
v 974 1825.00 12175.00
v 973 1925.00 12225.00
v 972 1825.00 12425.00
v 971 1825.00 12575.00
v 970 3725.00 14125.00
v 969 5800.00 12525.00
v 968 5575.00 12600.00
v 967 5475.00 12600.00
v 966 5075.00 9825.00
v 965 2785.00 9702.00
v 964 2785.00 9601.00
v 963 2786.00 9502.00
v 962 2786.00 9399.00
v 961 2525.00 9525.00
v 960 2525.00 9425.00
v 959 1640.00 9806.00
v 958 1575.00 8075.00
v 957 1775.00 7625.00
v 956 1975.00 7475.00
v 955 2075.00 7575.00
v 954 2175.00 7475.00
v 953 2325.00 7425.00
v 952 2375.00 7525.00
v 951 6300.00 10625.00
v 950 6300.00 10475.00
v 949 6300.00 10375.00
v 948 6275.00 10275.00
v 947 5850.00 11275.00
v 946 5750.00 11325.00
v 945 5575.00 8775.00
v 944 5450.00 10875.00
v 943 5450.00 11075.00
v 942 5475.00 11325.00
v 941 5375.00 12125.00
v 940 6975.00 11925.00
v 939 7075.00 11925.00
v 938 7225.00 11925.00
v 937 7625.00 9725.00
v 936 7625.00 9525.00
v 935 9225.00 15625.00
v 934 9225.00 15525.00
v 933 7175.00 11025.00
v 932 6725.00 8825.00
v 931 6925.00 8825.00
v 930 7028.00 8820.00
v 929 7297.00 8703.00
v 928 7325.00 8825.00
v 927 8575.00 10075.00
v 926 8825.00 10075.00
v 925 8825.00 10275.00
v 924 8850.00 10375.00
v 923 8850.00 10475.00
v 922 2197.00 15853.00
v 921 1928.00 15970.00
v 920 1775.00 14775.00
v 919 1725.00 13675.00
v 918 2075.00 13575.00
v 917 2900.00 11075.00
v 916 4975.00 10075.00
v 915 9400.00 4450.00
v 914 9625.00 3975.00
v 913 9250.00 3475.00
v 912 8850.00 3325.00
v 911 8850.00 3225.00
v 910 11425.00 5325.00
v 909 11400.00 6575.00
v 908 11175.00 6575.00
v 907 11025.00 6450.00
v 906 10575.00 7825.00
v 905 10525.00 7925.00
v 904 10625.00 7975.00
v 903 10725.00 7975.00
v 902 10725.00 8075.00
v 901 10625.00 8125.00
v 900 10525.00 8075.00
v 899 10425.00 8025.00
v 898 10425.00 8125.00
v 897 10875.00 8625.00
v 896 10675.00 11425.00
v 895 10850.00 11475.00
v 894 10850.00 11575.00
v 893 11125.00 12325.00
v 892 11175.00 12425.00
v 891 11175.00 12525.00
v 890 11325.00 12525.00
v 889 11325.00 12425.00
v 888 10675.00 13275.00
v 887 10825.00 13175.00
v 886 8625.00 14625.00
v 885 8525.00 14725.00
v 884 8625.00 14775.00
v 883 8625.00 14875.00
v 882 8625.00 14975.00
v 881 8775.00 15025.00
v 880 8875.00 15075.00
v 879 8875.00 15225.00
v 878 8775.00 15225.00
v 877 8725.00 15325.00
v 876 8725.00 15475.00
v 875 8725.00 15575.00
v 874 8625.00 15625.00
v 873 8425.00 15725.00
v 872 8325.00 15675.00
v 871 7975.00 15225.00
v 870 7875.00 15175.00
v 869 7875.00 15275.00
v 868 7475.00 14675.00
v 867 7425.00 14575.00
v 866 8425.00 14300.00
v 865 8575.00 14300.00
v 864 8625.00 14125.00
v 863 8825.00 14125.00
v 862 9225.00 15425.00
v 861 9225.00 15325.00
v 860 9225.00 15225.00
v 859 9225.00 15125.00
v 858 10075.00 11325.00
v 857 10275.00 11325.00
v 856 10375.00 11325.00
v 855 1825.00 15975.00
v 854 1625.00 15975.00
v 853 1975.00 14875.00
v 852 2175.00 14975.00
v 851 2350.00 14925.00
v 850 2350.00 15025.00
v 849 2475.00 15125.00
v 848 2625.00 15125.00
v 847 2875.00 15075.00
v 846 2775.00 15025.00
v 845 2225.00 13925.00
v 844 2075.00 13925.00
v 843 2075.00 14125.00
v 842 1975.00 14225.00
v 841 1575.00 15025.00
v 840 1575.00 15125.00
v 839 1575.00 15225.00
v 838 1565.00 11710.00
v 837 1675.00 11650.00
v 836 1750.00 11600.00
v 835 1675.00 11525.00
v 834 4475.00 12075.00
v 833 4575.00 12125.00
v 832 4475.00 12225.00
v 831 9847.00 8703.00
v 830 10025.00 8725.00
v 829 10075.00 8825.00
v 828 10175.00 8725.00
v 827 10250.00 8625.00
v 826 10250.00 8475.00
v 825 10250.00 8375.00
v 824 10250.00 8225.00
v 823 10225.00 8125.00
v 822 10275.00 7975.00
v 821 11050.00 4175.00
v 820 10950.00 4125.00
v 819 10850.00 4175.00
v 818 10550.00 3925.00
v 817 10550.00 3725.00
v 816 9575.00 4925.00
v 815 10225.00 5075.00
v 814 10125.00 5175.00
v 813 10050.00 5250.00
v 812 10050.00 5350.00
v 811 4175.00 11425.00
v 810 4275.00 11425.00
v 809 3800.00 12075.00
v 808 3800.00 12225.00
v 807 3772.00 12354.00
v 806 3675.00 12425.00
v 805 10475.00 5450.00
v 804 10325.00 5450.00
v 803 10175.00 5450.00
v 802 10025.00 5450.00
v 801 9700.00 4275.00
v 800 9800.00 4325.00
v 799 9800.00 4425.00
v 798 9700.00 4425.00
v 797 9700.00 4525.00
v 796 9600.00 4675.00
v 795 9625.00 4775.00
v 794 9525.00 4775.00
v 793 9375.00 4775.00
v 792 4475.00 6675.00
v 791 4625.00 6425.00
v 790 4525.00 6200.00
v 789 4115.00 4860.00
v 788 4115.00 4710.00
v 787 4115.00 4560.00
v 786 4225.00 4500.00
v 785 4300.00 4450.00
v 784 6075.00 8475.00
v 783 6175.00 8425.00
v 782 3750.00 10475.00
v 781 3750.00 10375.00
v 780 3725.00 10275.00
v 779 3725.00 10075.00
v 778 3250.00 12525.00
v 777 3275.00 12225.00
v 776 3300.00 11550.00
v 775 3200.00 11575.00
v 774 3200.00 11475.00
v 773 3300.00 11425.00
v 772 4225.00 11525.00
v 771 4875.00 11425.00
v 770 4975.00 11325.00
v 769 5175.00 11325.00
v 768 5275.00 11325.00
v 767 4875.00 12325.00
v 766 4950.00 12400.00
v 765 4950.00 12500.00
v 764 4925.00 12600.00
v 763 5075.00 12600.00
v 762 5225.00 12600.00
v 761 5375.00 12600.00
v 760 5875.00 14300.00
v 759 11050.00 11825.00
v 758 10950.00 11650.00
v 757 10850.00 11675.00
v 756 10775.00 11725.00
v 755 10675.00 11725.00
v 754 10975.00 12125.00
v 753 10925.00 12225.00
v 752 10950.00 12325.00
v 751 9800.00 11325.00
v 750 9700.00 11275.00
v 749 9725.00 11125.00
v 748 9625.00 11125.00
v 747 6825.00 11925.00
v 746 6665.00 12160.00
v 745 5975.00 13925.00
v 744 5875.00 13825.00
v 743 1575.00 6875.00
v 742 1575.00 6675.00
v 741 1725.00 6675.00
v 740 1925.00 6675.00
v 739 1925.00 6825.00
v 738 2075.00 6775.00
v 737 3125.00 7425.00
v 736 3225.00 7325.00
v 735 3325.00 7150.00
v 734 3475.00 7150.00
v 733 8775.00 4775.00
v 732 8775.00 4675.00
v 731 8775.00 4575.00
v 730 8775.00 4425.00
v 729 8675.00 4325.00
v 728 8400.00 4125.00
v 727 8500.00 4175.00
v 726 8475.00 3975.00
v 725 9226.00 7409.00
v 724 9225.00 7410.00
v 723 8875.00 8375.00
v 722 8875.00 8225.00
v 721 8875.00 8075.00
v 720 7075.00 7475.00
v 719 6675.00 7710.00
v 718 5925.00 13200.00
v 717 3275.00 14575.00
v 716 3425.00 14575.00
v 715 3525.00 14625.00
v 714 3425.00 14725.00
v 713 5350.00 14900.00
v 712 5425.00 14725.00
v 711 6300.00 13125.00
v 710 8175.00 7975.00
v 709 8225.00 7825.00
v 708 8175.00 7575.00
v 707 8125.00 7425.00
v 706 8225.00 7425.00
v 705 4115.00 5610.00
v 704 3800.00 4925.00
v 703 3675.00 4925.00
v 702 3675.00 4775.00
v 701 3675.00 4675.00
v 700 3675.00 4575.00
v 699 3675.00 4425.00
v 698 3725.00 4325.00
v 697 1575.00 14861.00
v 696 1675.00 14975.00
v 695 1825.00 14875.00
v 694 1925.00 14775.00
v 693 2075.00 14725.00
v 692 2175.00 14625.00
v 691 2775.00 15175.00
v 690 2975.00 15125.00
v 689 3075.00 15125.00
v 688 3125.00 15925.00
v 687 3275.00 15925.00
v 686 3225.00 15775.00
v 685 3325.00 15725.00
v 684 3525.00 15475.00
v 683 3625.00 15475.00
v 682 3625.00 15325.00
v 681 3675.00 15225.00
v 680 3775.00 15225.00
v 679 4125.00 15225.00
v 678 4125.00 15125.00
v 677 4125.00 15025.00
v 676 4225.00 14975.00
v 675 5000.00 15725.00
v 674 5150.00 15775.00
v 673 5175.00 15125.00
v 672 5425.00 15225.00
v 671 4625.00 14125.00
v 670 4625.00 13925.00
v 669 4475.00 13975.00
v 668 4475.00 13825.00
v 667 4625.00 13575.00
v 666 4525.00 13350.00
v 665 4525.00 13150.00
v 664 5425.00 14575.00
v 663 5575.00 14575.00
v 662 5675.00 14575.00
v 661 6275.00 14125.00
v 660 6665.00 12460.00
v 659 6665.00 12310.00
v 658 6825.00 13825.00
v 657 7025.00 13825.00
v 656 8025.00 12600.00
v 655 8125.00 11725.00
v 654 8225.00 11725.00
v 653 8300.00 11675.00
v 652 8300.00 11575.00
v 651 9215.00 12010.00
v 650 9215.00 12160.00
v 649 9215.00 12310.00
v 648 9215.00 12460.00
v 647 9575.00 14775.00
v 646 9625.00 14875.00
v 645 9825.00 14975.00
v 644 10575.00 12600.00
v 643 10675.00 12600.00
v 642 10900.00 12525.00
v 641 10900.00 12425.00
v 640 10800.00 12325.00
v 639 6675.00 7711.00
v 638 4125.00 6875.00
v 637 4125.00 7075.00
v 636 4126.00 7259.00
v 635 4125.00 7975.00
v 634 4125.00 8075.00
v 633 4125.00 8175.00
v 632 3525.00 6975.00
v 631 3325.00 6875.00
v 630 3425.00 6775.00
v 629 3325.00 6675.00
v 628 3525.00 6575.00
v 627 3375.00 6450.00
v 626 2625.00 7975.00
v 625 2575.00 8125.00
v 624 2600.00 8225.00
v 623 2500.00 8225.00
v 622 10437.00 9801.00
v 621 10435.00 9702.00
v 620 10175.00 9725.00
v 619 8225.00 8775.00
v 618 8375.00 8775.00
v 617 8325.00 8625.00
v 616 8325.00 8525.00
v 615 8425.00 8575.00
v 614 8625.00 8475.00
v 613 8725.00 8425.00
v 612 8800.00 8575.00
v 611 8875.00 7925.00
v 610 8775.00 7875.00
v 609 8625.00 7825.00
v 608 4900.00 7875.00
v 607 5000.00 8575.00
v 606 5150.00 8625.00
v 605 5075.00 8725.00
v 604 2525.00 5450.00
v 603 2375.00 5450.00
v 602 2175.00 7075.00
v 601 2075.00 6975.00
v 600 2325.00 4600.00
v 599 2225.00 4600.00
v 598 1975.00 4775.00
v 597 1875.00 4775.00
v 596 1725.00 4775.00
v 595 1565.00 4710.00
v 594 1565.00 4560.00
v 593 1675.00 4500.00
v 592 1750.00 4550.00
v 591 1975.00 3975.00
v 590 2075.00 3975.00
v 589 5325.00 15175.00
v 588 4825.00 14425.00
v 587 4125.00 14410.00
v 586 4126.00 14559.00
v 585 4125.00 14560.00
v 584 4125.00 14710.00
v 583 3525.00 14775.00
v 582 3525.00 14875.00
v 581 3525.00 14975.00
v 580 3375.00 14975.00
v 579 3125.00 14575.00
v 578 3225.00 14475.00
v 577 3325.00 14300.00
v 576 3475.00 14300.00
v 575 4375.00 7725.00
v 574 4225.00 7825.00
v 573 4125.00 7875.00
v 572 3675.00 5375.00
v 571 3375.00 6050.00
v 570 2875.00 5175.00
v 569 2775.00 5075.00
v 568 2675.00 5025.00
v 567 3125.00 4275.00
v 566 3025.00 4275.00
v 565 2925.00 4175.00
v 564 2900.00 3925.00
v 563 2900.00 3725.00
v 562 2900.00 3325.00
v 561 3275.00 3975.00
v 560 3275.00 3875.00
v 559 3475.00 2925.00
v 558 3725.00 2925.00
v 557 3725.00 3125.00
v 556 3750.00 3225.00
v 555 3750.00 3325.00
v 554 3750.00 3475.00
v 553 3750.00 3625.00
v 552 4150.00 3375.00
v 551 4150.00 3475.00
v 550 4150.00 3575.00
v 549 5075.00 2175.00
v 548 5075.00 2275.00
v 547 5075.00 2375.00
v 546 5075.00 2575.00
v 545 5335.00 2552.00
v 544 5475.00 2925.00
v 543 5925.00 3975.00
v 542 5825.00 3975.00
v 541 5825.00 3875.00
v 540 6350.00 5075.00
v 539 6000.00 5025.00
v 538 5875.00 4975.00
v 537 5375.00 4975.00
v 536 5325.00 5075.00
v 535 5225.00 5025.00
v 534 5125.00 5075.00
v 533 5025.00 5175.00
v 532 4950.00 5250.00
v 531 4950.00 5350.00
v 530 4925.00 5450.00
v 529 6300.00 6575.00
v 528 7825.00 11325.00
v 527 7725.00 11325.00
v 526 6975.00 10075.00
v 525 6825.00 10125.00
v 524 6740.00 9806.00
v 523 2650.00 14900.00
v 522 2800.00 14900.00
v 521 2875.00 14725.00
v 520 2875.00 14575.00
v 519 2875.00 13275.00
v 518 1975.00 13350.00
v 517 1975.00 13150.00
v 516 4375.00 12675.00
v 515 4375.00 12575.00
v 514 4375.00 12425.00
v 513 6675.00 14710.00
v 512 6676.00 14710.00
v 511 7425.00 11750.00
v 510 7325.00 11750.00
v 509 7250.00 11675.00
v 508 6665.00 11710.00
v 507 6775.00 11650.00
v 506 6850.00 11600.00
v 505 7175.00 11125.00
v 504 7075.00 11125.00
v 503 7000.00 11025.00
v 502 6875.00 11025.00
v 501 6725.00 11050.00
v 500 8525.00 6775.00
v 499 8625.00 6575.00
v 498 8475.00 6450.00
v 497 2275.00 14425.00
v 496 3025.00 13275.00
v 495 3175.00 13175.00
v 494 3375.00 13200.00
v 493 3375.00 13600.00
v 492 3525.00 13725.00
v 491 3425.00 13925.00
v 490 1640.00 9505.00
v 489 1575.00 7975.00
v 488 3025.00 5450.00
v 487 3250.00 5375.00
v 486 3400.00 4675.00
v 485 3525.00 4725.00
v 484 3475.00 3925.00
v 483 4500.00 4175.00
v 482 4600.00 4125.00
v 481 4700.00 4175.00
v 480 4775.00 4275.00
v 479 4875.00 4275.00
v 478 5450.00 3925.00
v 477 5450.00 3725.00
v 476 11300.00 3825.00
v 475 11400.00 3625.00
v 474 11400.00 3475.00
v 473 11400.00 3325.00
v 472 11400.00 3225.00
v 471 11375.00 3125.00
v 470 11375.00 2925.00
v 469 11125.00 2925.00
v 468 10848.00 2925.00
v 467 10575.00 2925.00
v 466 8825.00 3125.00
v 465 8825.00 2925.00
v 464 8575.00 2925.00
v 463 7425.00 4275.00
v 462 7525.00 4175.00
v 461 8000.00 3925.00
v 460 8000.00 3725.00
v 459 6925.00 5675.00
v 458 6925.00 5525.00
v 457 6925.00 5425.00
v 456 6350.00 4925.00
v 455 6225.00 4925.00
v 454 6225.00 4775.00
v 453 6225.00 4675.00
v 452 6225.00 4575.00
v 451 6225.00 4425.00
v 450 6025.00 3825.00
v 449 6200.00 3825.00
v 448 6300.00 3625.00
v 447 6300.00 3325.00
v 446 6300.00 3225.00
v 445 6275.00 3125.00
v 444 5675.00 4275.00
v 443 5750.00 4325.00
v 442 5750.00 4425.00
v 441 5750.00 4525.00
v 440 4700.00 4525.00
v 439 4600.00 4525.00
v 438 4500.00 4675.00
v 437 4525.00 4775.00
v 436 4675.00 4775.00
v 435 4575.00 4975.00
v 434 4475.00 5075.00
v 433 4375.00 5275.00
v 432 4375.00 5425.00
v 431 4375.00 5525.00
v 430 4375.00 5675.00
v 429 4275.00 6675.00
v 428 4125.00 6675.00
v 427 4525.00 7475.00
v 426 6775.00 7825.00
v 425 6675.00 7875.00
v 424 7725.00 7975.00
v 423 9290.00 9806.00
v 422 9375.00 10125.00
v 421 10550.00 10475.00
v 420 9575.00 12075.00
v 419 9625.00 11925.00
v 418 9600.00 11825.00
v 417 9700.00 11675.00
v 416 8900.00 12075.00
v 415 8775.00 12075.00
v 414 8775.00 11925.00
v 413 8775.00 11825.00
v 412 8300.00 11475.00
v 411 8225.00 11425.00
v 410 8300.00 11325.00
v 409 8400.00 11275.00
v 408 8375.00 11125.00
v 407 8475.00 11125.00
v 406 8575.00 11075.00
v 405 5050.00 8225.00
v 404 5150.00 8225.00
v 403 5125.00 8125.00
v 402 5175.00 7975.00
v 401 5325.00 8025.00
v 400 5325.00 8125.00
v 399 5425.00 8075.00
v 398 5525.00 8125.00
v 397 5625.00 8075.00
v 396 3650.00 10975.00
v 395 3475.00 10975.00
v 394 3475.00 11075.00
v 393 3375.00 11125.00
v 392 3275.00 11125.00
v 391 3125.00 11425.00
v 390 3025.00 11425.00
v 389 2925.00 11325.00
v 388 2725.00 11325.00
v 387 2625.00 11325.00
v 386 2425.00 11325.00
v 385 1950.00 11825.00
v 384 1975.00 11925.00
v 383 1875.00 11925.00
v 382 1725.00 11925.00
v 381 1565.00 11860.00
v 380 1565.00 12010.00
v 379 1565.00 12160.00
v 378 1575.00 14225.00
v 377 1575.00 14025.00
v 376 1575.00 13825.00
v 375 1575.00 13675.00
v 374 1575.00 13525.00
v 373 8872.00 12354.00
v 372 8900.00 12225.00
v 371 7250.00 10075.00
v 370 7550.00 11075.00
v 369 7525.00 11325.00
v 368 7425.00 11425.00
v 367 7325.00 11425.00
v 366 7250.00 11475.00
v 365 7250.00 11575.00
v 364 7150.00 11575.00
v 363 6665.00 11860.00
v 362 6665.00 12010.00
v 361 6350.00 12075.00
v 360 6225.00 12075.00
v 359 6225.00 11925.00
v 358 6225.00 11825.00
v 357 6225.00 11725.00
v 356 6225.00 11575.00
v 355 6275.00 11475.00
v 354 6275.00 6975.00
v 353 6225.00 7075.00
v 352 5625.00 7975.00
v 351 5525.00 7975.00
v 350 5425.00 7925.00
v 349 5475.00 7825.00
v 348 5625.00 7575.00
v 347 5875.00 6675.00
v 346 4115.00 5460.00
v 345 4115.00 5310.00
v 344 4115.00 5160.00
v 343 4115.00 5010.00
v 342 3800.00 5075.00
v 341 3772.00 5204.00
v 340 3675.00 5275.00
v 339 3525.00 5275.00
v 338 3475.00 5175.00
v 337 3450.00 5025.00
v 336 3325.00 4975.00
v 335 3275.00 5075.00
v 334 3300.00 5175.00
v 333 3250.00 5275.00
v 332 3150.00 5175.00
v 331 2925.00 5450.00
v 330 2825.00 5450.00
v 329 2675.00 5450.00
v 328 2475.00 7975.00
v 327 2350.00 7875.00
v 326 2350.00 7775.00
v 325 2175.00 7825.00
v 324 1975.00 7725.00
v 323 1925.00 7625.00
v 322 1825.00 7725.00
v 321 1675.00 7825.00
v 320 1575.00 7875.00
v 319 9250.00 10425.00
v 318 9250.00 10525.00
v 317 9250.00 10625.00
v 316 8850.00 10625.00
v 315 8850.00 10775.00
v 314 7525.00 10075.00
v 313 7625.00 9825.00
v 312 7925.00 8775.00
v 311 8475.00 7725.00
v 310 8475.00 7825.00
v 309 8525.00 7575.00
v 308 8625.00 7475.00
v 307 8525.00 7425.00
v 306 8375.00 7425.00
v 305 8325.00 7325.00
v 304 8775.00 5275.00
v 303 8872.00 5204.00
v 302 8900.00 5075.00
v 301 9215.00 4710.00
v 300 9325.00 4500.00
v 299 8575.00 3925.00
v 298 8575.00 3825.00
v 297 8750.00 3825.00
v 296 8850.00 3625.00
v 295 8775.00 2275.00
v 294 7886.00 2352.00
v 293 8298.00 2925.00
v 292 8025.00 2925.00
v 291 7887.00 2651.00
v 290 7885.00 2552.00
v 289 7625.00 2575.00
v 288 7625.00 2675.00
v 287 7325.00 4275.00
v 286 7250.00 4175.00
v 285 7150.00 4125.00
v 284 7175.00 3975.00
v 283 7075.00 3975.00
v 282 7000.00 3875.00
v 281 6875.00 3875.00
v 280 6725.00 3900.00
v 279 6700.00 3700.00
v 278 6700.00 3575.00
v 277 6275.00 2925.00
v 276 6025.00 2925.00
v 275 5748.00 2925.00
v 274 5000.00 3325.00
v 273 5000.00 3725.00
v 272 5000.00 3925.00
v 271 4975.00 4175.00
v 270 5175.00 4175.00
v 269 4300.00 11700.00
v 268 4225.00 11650.00
v 267 4115.00 11710.00
v 266 4115.00 11860.00
v 265 4115.00 12010.00
v 264 4115.00 12160.00
v 263 4115.00 12310.00
v 262 4115.00 12460.00
v 261 4425.00 11925.00
v 260 4525.00 11925.00
v 259 4500.00 11825.00
v 258 4600.00 11675.00
v 257 4700.00 11475.00
v 256 4775.00 11425.00
v 255 4700.00 11325.00
v 254 4600.00 11275.00
v 253 4625.00 11125.00
v 252 4189.00 9306.00
v 251 4175.00 8825.00
v 250 2787.00 9801.00
v 249 1775.00 11025.00
v 248 1900.00 11025.00
v 247 1975.00 11125.00
v 246 2075.00 11125.00
v 245 2075.00 11025.00
v 244 2150.00 11325.00
v 243 2150.00 11475.00
v 242 2150.00 11575.00
v 241 2050.00 11575.00
v 240 2050.00 11675.00
v 239 2150.00 11675.00
v 238 2225.00 11750.00
v 237 2325.00 11750.00
v 236 2075.00 13175.00
v 235 4375.00 12825.00
v 234 3525.00 14125.00
v 233 3675.00 14225.00
v 232 3250.00 12425.00
v 231 3300.00 12325.00
v 230 2325.00 11425.00
v 229 2225.00 11425.00
v 228 2450.00 11075.00
v 227 2900.00 10475.00
v 226 3750.00 10775.00
v 225 3750.00 10625.00
v 224 4150.00 10625.00
v 223 4625.00 11025.00
v 222 4700.00 10075.00
v 221 4425.00 10075.00
v 220 5925.00 7725.00
v 219 5925.00 7825.00
v 218 6075.00 7825.00
v 217 6075.00 7725.00
v 216 6075.00 7625.00
v 215 5975.00 7575.00
v 214 6075.00 7475.00
v 213 5975.00 7425.00
v 212 5825.00 7425.00
v 211 5775.00 7325.00
v 210 5875.00 7150.00
v 209 6025.00 7150.00
v 208 6075.00 6975.00
v 207 5875.00 6875.00
v 206 5975.00 6775.00
v 205 6075.00 6575.00
v 204 5925.00 6450.00
v 203 4725.00 7825.00
v 202 4525.00 7725.00
v 201 4475.00 7625.00
v 200 4625.00 7575.00
v 199 4725.00 7475.00
v 198 10225.00 15275.00
v 197 10275.00 15125.00
v 196 10125.00 15125.00
v 195 10000.00 15025.00
v 194 10000.00 14925.00
v 193 10475.00 12600.00
v 192 10325.00 12600.00
v 191 10025.00 12600.00
v 190 10050.00 12500.00
v 189 10050.00 12400.00
v 188 10125.00 12325.00
v 187 10225.00 12225.00
v 186 9800.00 11675.00
v 185 9800.00 11575.00
v 184 9800.00 11475.00
v 183 9875.00 11425.00
v 182 9975.00 11425.00
v 181 10100.00 11075.00
v 180 10100.00 10875.00
v 179 10575.00 11325.00
v 178 10550.00 11075.00
v 177 10550.00 10875.00
v 176 11300.00 10975.00
v 175 11400.00 10775.00
v 174 11375.00 10275.00
v 173 11375.00 10075.00
v 172 11422.00 5204.00
v 171 11325.00 5275.00
v 170 11175.00 5275.00
v 169 11125.00 5175.00
v 168 11100.00 5025.00
v 167 10975.00 4975.00
v 166 10925.00 5075.00
v 165 10950.00 5175.00
v 164 10900.00 5275.00
v 163 10900.00 5375.00
v 162 10675.00 5450.00
v 161 10575.00 5450.00
v 160 10575.00 4175.00
v 159 10675.00 4275.00
v 158 10775.00 4275.00
v 157 10850.00 4325.00
v 156 10850.00 4425.00
v 155 10850.00 4525.00
v 154 10775.00 4575.00
v 153 10125.00 7975.00
v 152 10000.00 7875.00
v 151 10000.00 7775.00
v 150 9825.00 7825.00
v 149 9625.00 7725.00
v 148 9475.00 7725.00
v 147 9225.00 7260.00
v 146 9226.00 7259.00
v 145 9225.00 7075.00
v 144 9215.00 5310.00
v 143 9215.00 5160.00
v 142 9215.00 5010.00
v 141 9215.00 4860.00
v 140 8900.00 4925.00
v 139 8775.00 4925.00
v 138 7925.00 4975.00
v 137 7825.00 4175.00
v 136 8025.00 4175.00
v 135 8775.00 2375.00
v 134 8775.00 2575.00
v 133 8775.00 2675.00
v 132 8850.00 3475.00
v 131 9250.00 3375.00
v 130 9250.00 3275.00
v 129 10100.00 3925.00
v 128 10100.00 3725.00
v 127 10100.00 3325.00
v 126 11075.00 15375.00
v 125 11175.00 15475.00
v 124 11275.00 15475.00
v 123 11275.00 15575.00
v 122 10250.00 15625.00
v 121 10250.00 15775.00
v 120 10175.00 15875.00
v 119 10075.00 15975.00
v 118 10025.00 15875.00
v 117 9847.00 15853.00
v 116 9578.00 15970.00
v 115 9475.00 15975.00
v 114 7925.00 15925.00
v 113 6675.00 15025.00
v 112 6775.00 14975.00
v 111 6675.00 14861.00
v 110 6675.00 14860.00
v 109 6325.00 15375.00
v 108 6350.00 15825.00
v 107 6250.00 15725.00
v 106 6175.00 15575.00
v 105 6175.00 15475.00
v 104 6075.00 15475.00
v 103 5475.00 10075.00
v 102 5748.00 10075.00
v 101 6025.00 10075.00
v 100 6275.00 10075.00
v 99 6225.00 9825.00
v 98 6225.00 9725.00
v 97 6225.00 9525.00
v 96 6225.00 9425.00
v 95 6225.00 9325.00
v 94 6675.00 7560.00
v 93 6675.00 7410.00
v 92 6676.00 7409.00
v 91 6675.00 7260.00
v 90 6676.00 7259.00
v 89 6675.00 7075.00
v 88 6675.00 6875.00
v 87 6675.00 6675.00
v 86 6875.00 7625.00
v 85 6925.00 7725.00
v 84 7025.00 7625.00
v 83 7075.00 7725.00
v 82 7275.00 7825.00
v 81 7450.00 7875.00
v 80 7575.00 7975.00
v 79 6675.00 7975.00
v 78 6124.00 13058.00
v 77 6075.00 13725.00
v 76 6225.00 14225.00
v 75 6300.00 14300.00
v 74 5775.00 14475.00
v 73 5825.00 14575.00
v 72 5975.00 14575.00
v 71 6075.00 14625.00
v 70 5975.00 14725.00
v 69 6075.00 14775.00
v 68 6075.00 14875.00
v 67 6075.00 14975.00
v 66 6225.00 15025.00
v 65 6325.00 15075.00
v 64 6325.00 15225.00
v 63 6675.00 15225.00
v 62 6675.00 15325.00
v 61 7600.00 15375.00
v 60 7700.00 15375.00
v 59 7700.00 15525.00
v 58 7700.00 15625.00
v 57 7700.00 15775.00
v 56 7625.00 15875.00
v 55 7525.00 15975.00
v 54 7475.00 15875.00
v 53 7297.00 15853.00
v 52 7028.00 15970.00
v 51 6925.00 15975.00
v 50 6025.00 5175.00
v 49 6075.00 5275.00
v 48 6225.00 5275.00
v 47 6665.00 5010.00
v 46 6665.00 5160.00
v 45 6665.00 5310.00
v 44 6665.00 5460.00
v 43 6665.00 5610.00
v 42 5475.00 5450.00
v 41 5375.00 5450.00
v 40 5925.00 6050.00
v 39 6124.00 5908.00
v 38 6300.00 5975.00
v 37 8775.00 5375.00
v 36 8875.00 5325.00
v 35 7975.00 6125.00
v 34 8425.00 7150.00
v 33 8575.00 7150.00
v 32 8625.00 6975.00
v 31 8175.00 8075.00
v 30 8075.00 8125.00
v 29 7975.00 8075.00
v 28 7875.00 8025.00
v 27 7875.00 8125.00
v 26 7886.00 9298.00
v 25 7886.00 9399.00
v 24 7886.00 9502.00
v 23 7885.00 9601.00
v 22 7885.00 9702.00
v 21 7887.00 9801.00
v 20 8025.00 10075.00
v 19 8298.00 10075.00
v 18 8025.00 8775.00
v 17 8125.00 8775.00
v 16 9578.00 8820.00
v 15 10175.00 9425.00
v 14 10175.00 9525.00
v 13 10436.00 9502.00
v 12 10436.00 9399.00
v 11 10436.00 9298.00
v 10 11325.00 9325.00
v 9 11350.00 8575.00
v 8 11275.00 8425.00
v 7 11275.00 8325.00
v 6 11275.00 8175.00
v 5 11325.00 8075.00
v 4 11425.00 8075.00
v 3 11425.00 8225.00
v 2 11425.00 8375.00
v 1 11450.00 5075.00

l 1560 2080
l 2079 2080
l 157 2078
l 1641 2077
l 2076 2077
l 2075 2076
l 2074 2075
l 1793 2073
l 1519 2072
l 2070 2071
l 1625 2071
l 1628 2070
l 448 2069
l 1555 2068
l 491 2067
l 260 2066
l 2064 2065
l 1112 2064
l 817 2063
l 589 2062
l 1482 2061
l 1669 2060
l 1864 2059
l 155 2058
l 2057 2058
l 2055 2056
l 2054 2055
l 2053 2054
l 1336 2053
l 310 2052
l 233 2051
l 2049 2050
l 1905 2049
l 1857 2048
l 409 2047
l 1252 2046
l 1871 2045
l 738 2044
l 109 2043
l 1699 2042
l 1372 2042
l 1611 2041
l 628 2040
l 1621 2039
l 2004 2039
l 2004 2038
l 1224 2038
l 2036 2037
l 1546 2037
l 2035 2036
l 1440 2034
l 443 2033
l 1719 2032
l 1221 2031
l 1513 2030
l 2028 2029
l 2027 2028
l 122 2027
l 545 2026
l 1922 2025
l 1205 2024
l 2022 2023
l 674 2022
l 2020 2021
l 2019 2020
l 2018 2019
l 2017 2018
l 1880 2017
l 148 2016
l 795 2015
l 1752 2014
l 1826 2013
l 1872 2013
l 1826 2012
l 534 2011
l 728 2010
l 726 2010
l 1751 2009
l 2007 2008
l 588 2007
l 189 2006
l 51 2005
l 2003 2004
l 2002 2003
l 1628 2002
l 2000 2001
l 1285 2001
l 1969 2000
l 1731 1999
l 1997 1998
l 1996 1997
l 852 1996
l 536 1995
l 278 1994
l 1993 1994
l 1683 1992
l 467 1992
l 843 1991
l 1989 1990
l 1988 1989
l 1195 1988
l 914 1987
l 601 1986
l 1563 1985
l 1101 1984
l 1543 1983
l 1982 1983
l 1981 1982
l 1133 1980
l 895 1979
l 1276 1978
l 15 1977
l 137 1976
l 1869 1975
l 1973 1974
l 1886 1974
l 909 1973
l 1558 1972
l 1970 1971
l 277 1971
l 1875 1970
l 1281 1969
l 1417 1968
l 1838 1967
l 1480 1966
l 1714 1965
l 1290 1964
l 1231 1963
l 1376 1962
l 1750 1961
l 1371 1960
l 625 1960
l 1010 1959
l 1826 1958
l 1956 1957
l 888 1956
l 1615 1955
l 477 1954
l 1952 1953
l 1701 1952
l 501 1951
l 1950 1951
l 1949 1950
l 835 1948
l 1947 1948
l 53 1946
l 48 1945
l 1944 1945
l 1825 1943
l 1399 1942
l 258 1941
l 117 1940
l 886 1939
l 1938 1939
l 1456 1938
l 1577 1937
l 1790 1937
l 1757 1936
l 1935 1936
l 1758 1936
l 1461 1935
l 450 1934
l 543 1934
l 115 1933
l 730 1932
l 529 1931
l 171 1930
l 353 1929
l 693 1928
l 1926 1927
l 1925 1926
l 701 1925
l 785 1925
l 1667 1924
l 1923 1924
l 1922 1923
l 571 1921
l 1808 1920
l 1809 1919
l 1430 1918
l 1483 1918
l 1552 1917
l 1598 1916
l 1915 1916
l 1817 1914
l 1913 1914
l 1176 1912
l 1873 1911
l 745 1910
l 1192 1909
l 435 1908
l 437 1908
l 1295 1907
l 94 1906
l 1146 1905
l 1903 1904
l 1435 1903
l 1633 1902
l 1094 1901
l 590 1901
l 598 1900
l 1809 1900
l 1635 1900
l 1433 1899
l 1051 1898
l 709 1898
l 1799 1897
l 1323 1897
l 568 1896
l 1468 1895
l 1893 1894
l 1460 1894
l 1892 1893
l 1891 1892
l 1890 1891
l 905 1890
l 1889 1890
l 1888 1889
l 1887 1888
l 1886 1887
l 1884 1885
l 1883 1884
l 1882 1883
l 1445 1882
l 621 1881
l 13 1881
l 1221 1880
l 598 1879
l 895 1878
l 1501 1878
l 1525 1877
l 1537 1876
l 1113 1875
l 1871 1874
l 123 1874
l 1872 1873
l 1801 1872
l 1624 1871
l 1869 1870
l 1674 1869
l 284 1868
l 1617 1867
l 1406 1867
l 1201 1866
l 1687 1865
l 1019 1864
l 224 1863
l 222 1863
l 1023 1862
l 1114 1862
l 384 1861
l 636 1860
l 1150 1859
l 1857 1858
l 1782 1858
l 1067 1856
l 871 1855
l 1854 1855
l 1578 1854
l 580 1853
l 786 1852
l 1471 1851
l 1850 1851
l 1529 1850
l 187 1849
l 1847 1848
l 506 1848
l 1846 1847
l 1844 1845
l 1119 1844
l 1192 1843
l 1194 1843
l 1626 1842
l 1841 1842
l 1840 1841
l 1839 1840
l 1803 1839
l 392 1838
l 184 1837
l 872 1836
l 1835 1836
l 1834 1835
l 1387 1834
l 1718 1833
l 1637 1832
l 1831 1832
l 1830 1831
l 1414 1830
l 1490 1829
l 1415 1829
l 815 1828
l 1826 1827
l 1799 1827
l 1800 1827
l 1227 1825
l 1291 1825
l 1601 1824
l 1823 1824
l 1822 1823
l 1821 1822
l 1820 1821
l 1819 1820
l 1818 1819
l 1816 1817
l 1772 1816
l 692 1815
l 497 1815
l 691 1814
l 1813 1814
l 1542 1813
l 1197 1812
l 1073 1812
l 1811 1812
l 16 1810
l 1339 1810
l 1635 1809
l 1779 1808
l 1806 1807
l 1805 1806
l 1804 1805
l 123 1804
l 1625 1803
l 1802 1803
l 887 1802
l 1800 1801
l 656 1801
l 1799 1800
l 1797 1798
l 1796 1797
l 1077 1796
l 721 1795
l 1794 1795
l 1765 1794
l 186 1793
l 1709 1792
l 1109 1791
l 1789 1790
l 1788 1789
l 1455 1788
l 1786 1787
l 1785 1786
l 1784 1785
l 40 1784
l 1782 1783
l 1781 1782
l 1734 1781
l 890 1780
l 1266 1779
l 1405 1778
l 1777 1778
l 1253 1777
l 1198 1776
l 1774 1775
l 1700 1774
l 352 1773
l 1771 1772
l 1770 1771
l 1769 1770
l 1768 1769
l 1721 1768
l 1766 1767
l 1427 1767
l 1765 1766
l 613 1765
l 951 1764
l 1763 1764
l 1036 1762
l 1529 1761
l 7 1760
l 1758 1759
l 1757 1758
l 1756 1757
l 1755 1756
l 1495 1755
l 778 1754
l 1600 1754
l 1736 1753
l 1752 1753
l 1751 1752
l 1750 1751
l 1638 1749
l 170 1748
l 1746 1747
l 224 1747
l 811 1746
l 772 1745
l 1743 1744
l 1742 1743
l 1741 1742
l 1437 1741
l 1739 1740
l 1738 1739
l 1737 1738
l 1118 1737
l 1600 1736
l 8 1735
l 1458 1735
l 940 1734
l 584 1733
l 1732 1733
l 676 1732
l 1600 1731
l 1355 1730
l 999 1729
l 1727 1728
l 64 1728
l 105 1727
l 1127 1726
l 1725 1726
l 658 1725
l 1180 1724
l 1723 1724
l 1722 1723
l 1683 1721
l 1720 1721
l 1719 1720
l 1624 1718
l 1717 1718
l 1716 1717
l 124 1716
l 959 1715
l 1511 1715
l 1713 1714
l 1712 1713
l 1078 1712
l 470 1711
l 1710 1711
l 1709 1710
l 128 1710
l 1077 1708
l 824 1708
l 10 1707
l 1215 1707
l 1215 1706
l 1300 1706
l 1255 1706
l 1301 1706
l 1704 1705
l 1703 1704
l 657 1703
l 257 1702
l 1701 1702
l 258 1701
l 1699 1700
l 1486 1700
l 626 1699
l 1698 1699
l 1697 1698
l 1011 1696
l 1694 1695
l 922 1695
l 852 1694
l 945 1693
l 1692 1693
l 1691 1692
l 1646 1691
l 1689 1690
l 1637 1690
l 1688 1689
l 1491 1688
l 1686 1687
l 304 1687
l 1685 1686
l 1684 1685
l 1676 1684
l 468 1683
l 1682 1683
l 1435 1681
l 1680 1681
l 1679 1680
l 1678 1679
l 1677 1678
l 1285 1677
l 1264 1676
l 108 1675
l 148 1674
l 149 1674
l 1672 1673
l 228 1672
l 49 1671
l 412 1670
l 993 1669
l 1668 1669
l 1667 1668
l 1666 1667
l 1665 1666
l 1664 1665
l 1663 1664
l 1662 1663
l 1661 1662
l 1660 1661
l 1659 1660
l 1658 1659
l 420 1658
l 754 1657
l 893 1657
l 889 1656
l 1655 1656
l 1654 1655
l 1653 1654
l 1652 1653
l 1005 1652
l 524 1651
l 1650 1651
l 1649 1650
l 1648 1649
l 1647 1648
l 1505 1646
l 1195 1645
l 1644 1645
l 1643 1644
l 1642 1643
l 1641 1642
l 1639 1640
l 1012 1640
l 1638 1639
l 803 1638
l 1636 1637
l 1193 1636
l 1634 1635
l 599 1635
l 1633 1634
l 1184 1633
l 592 1633
l 1503 1632
l 1397 1631
l 1630 1631
l 1629 1630
l 1294 1628
l 1627 1628
l 1626 1627
l 1625 1626
l 1624 1625
l 1623 1624
l 1622 1623
l 1621 1622
l 1620 1621
l 1619 1620
l 1618 1619
l 1223 1618
l 1616 1617
l 1615 1616
l 1614 1615
l 1613 1614
l 1612 1613
l 361 1612
l 1610 1611
l 1609 1610
l 1106 1609
l 1501 1608
l 895 1608
l 896 1608
l 1606 1607
l 867 1607
l 992 1606
l 1042 1606
l 1604 1605
l 680 1604
l 546 1603
l 1602 1603
l 1601 1602
l 1599 1600
l 232 1599
l 413 1598
l 1273 1597
l 1596 1597
l 1025 1595
l 1213 1595
l 1194 1594
l 1593 1594
l 1371 1593
l 1591 1592
l 605 1592
l 1328 1591
l 1312 1590
l 1350 1589
l 1588 1589
l 1587 1588
l 1351 1588
l 135 1587
l 462 1586
l 1584 1585
l 104 1584
l 1582 1583
l 106 1583
l 1581 1582
l 1447 1581
l 936 1580
l 1579 1580
l 25 1579
l 1577 1578
l 1454 1577
l 1456 1576
l 1454 1576
l 1368 1576
l 660 1575
l 1574 1575
l 77 1574
l 77 1573
l 718 1573
l 1548 1572
l 827 1571
l 1033 1570
l 478 1570
l 1086 1570
l 636 1569
l 340 1569
l 341 1569
l 1038 1568
l 1567 1568
l 1063 1567
l 1565 1566
l 1402 1566
l 1161 1566
l 1277 1566
l 1564 1565
l 1563 1564
l 1562 1563
l 1166 1562
l 486 1561
l 1560 1561
l 1559 1560
l 1558 1559
l 567 1558
l 1556 1557
l 567 1557
l 561 1556
l 1541 1555
l 175 1554
l 673 1553
l 1552 1553
l 1551 1552
l 1550 1551
l 1377 1550
l 1548 1549
l 632 1548
l 1007 1547
l 720 1546
l 87 1545
l 1544 1545
l 1543 1544
l 36 1543
l 689 1542
l 155 1541
l 1540 1541
l 172 1540
l 1517 1540
l 1378 1539
l 584 1538
l 244 1537
l 246 1537
l 1393 1536
l 1535 1536
l 1534 1535
l 1533 1534
l 1532 1533
l 1510 1532
l 740 1531
l 1530 1531
l 1529 1530
l 1528 1529
l 1527 1528
l 1526 1527
l 597 1527
l 1473 1526
l 913 1525
l 1523 1524
l 476 1524
l 1522 1523
l 1521 1522
l 820 1521
l 821 1520
l 1519 1520
l 1518 1519
l 1517 1518
l 1516 1517
l 1515 1516
l 1 1515
l 520 1514
l 579 1514
l 197 1513
l 1512 1513
l 1222 1512
l 490 1511
l 1509 1510
l 957 1510
l 743 1509
l 1507 1508
l 1144 1507
l 1427 1506
l 609 1506
l 784 1505
l 451 1504
l 543 1504
l 538 1503
l 1170 1503
l 1501 1502
l 1500 1501
l 1499 1500
l 1498 1499
l 176 1498
l 1247 1497
l 376 1497
l 919 1497
l 154 1496
l 908 1495
l 32 1494
l 1493 1494
l 947 1492
l 1490 1491
l 633 1491
l 1489 1490
l 1488 1489
l 736 1488
l 1486 1487
l 1101 1487
l 1485 1486
l 1365 1484
l 1014 1483
l 1482 1483
l 1481 1482
l 656 1481
l 1430 1481
l 1039 1480
l 1479 1480
l 1062 1479
l 160 1478
l 1477 1478
l 1403 1477
l 1158 1476
l 915 1475
l 1474 1475
l 1472 1473
l 1471 1472
l 592 1471
l 4 1470
l 1469 1470
l 1468 1469
l 1467 1468
l 1466 1467
l 1465 1466
l 1464 1465
l 1463 1464
l 1462 1463
l 1461 1462
l 1460 1461
l 1459 1460
l 897 1458
l 113 1457
l 63 1457
l 866 1456
l 1455 1456
l 1454 1455
l 873 1454
l 1452 1453
l 1385 1453
l 1327 1451
l 1450 1451
l 1449 1450
l 1448 1449
l 1447 1448
l 809 1446
l 1445 1446
l 1444 1445
l 1443 1444
l 1442 1443
l 776 1442
l 251 1441
l 959 1441
l 960 1441
l 1425 1440
l 482 1440
l 1438 1439
l 484 1439
l 553 1438
l 1278 1437
l 558 1437
l 1435 1436
l 1278 1436
l 1434 1435
l 1091 1434
l 742 1433
l 1057 1432
l 1431 1432
l 1430 1431
l 1040 1430
l 1428 1429
l 673 1428
l 309 1427
l 537 1426
l 1113 1426
l 1424 1425
l 483 1425
l 1423 1424
l 1422 1423
l 1421 1422
l 550 1421
l 1280 1420
l 559 1420
l 1419 1420
l 1281 1419
l 1394 1419
l 1150 1418
l 565 1418
l 1416 1417
l 883 1416
l 1414 1415
l 1413 1414
l 1412 1413
l 736 1412
l 191 1411
l 1401 1410
l 42 1409
l 1408 1409
l 1081 1408
l 1055 1407
l 1406 1407
l 764 1406
l 1404 1405
l 1400 1405
l 800 1405
l 1403 1404
l 129 1403
l 283 1402
l 1111 1402
l 542 1401
l 1034 1401
l 815 1400
l 1399 1400
l 1398 1399
l 574 1397
l 1395 1396
l 559 1396
l 1394 1395
l 1151 1394
l 1180 1393
l 321 1393
l 1134 1392
l 1391 1392
l 1390 1391
l 1389 1390
l 1388 1389
l 1008 1388
l 1009 1387
l 1386 1387
l 114 1386
l 876 1385
l 688 1384
l 1383 1384
l 1381 1382
l 366 1382
l 505 1381
l 1335 1381
l 668 1380
l 1252 1380
l 587 1379
l 1378 1379
l 1377 1378
l 1376 1377
l 676 1376
l 1374 1375
l 1194 1375
l 1373 1374
l 1372 1373
l 624 1372
l 1371 1372
l 1370 1371
l 653 1369
l 1063 1369
l 1062 1369
l 886 1368
l 1366 1367
l 364 1367
l 939 1366
l 947 1365
l 1363 1364
l 1256 1364
l 1362 1363
l 1178 1362
l 249 1361
l 1360 1361
l 1359 1360
l 1358 1359
l 1357 1358
l 1356 1357
l 1355 1356
l 1354 1355
l 958 1354
l 1352 1353
l 379 1352
l 1109 1351
l 1350 1351
l 1349 1350
l 1348 1349
l 1347 1348
l 1346 1347
l 733 1346
l 1344 1345
l 620 1345
l 1343 1344
l 1342 1343
l 422 1342
l 423 1341
l 1340 1341
l 1339 1340
l 1338 1339
l 1337 1338
l 1336 1337
l 926 1336
l 367 1335
l 1123 1334
l 1333 1334
l 1332 1333
l 1331 1332
l 252 1331
l 251 1330
l 1329 1330
l 1328 1329
l 70 1327
l 1326 1327
l 1325 1326
l 68 1325
l 1066 1324
l 1323 1324
l 1322 1323
l 1321 1322
l 406 1322
l 315 1321
l 1319 1320
l 929 1320
l 1318 1319
l 1317 1318
l 1316 1317
l 1315 1316
l 1314 1315
l 1313 1314
l 424 1313
l 1311 1312
l 806 1312
l 1310 1311
l 1309 1310
l 1308 1309
l 1307 1308
l 777 1307
l 379 1306
l 1305 1306
l 1304 1305
l 1303 1304
l 454 1302
l 1170 1302
l 453 1302
l 622 1301
l 1300 1301
l 1299 1300
l 422 1299
l 175 1299
l 173 1299
l 1235 1298
l 748 1298
l 1296 1297
l 198 1297
l 122 1296
l 1227 1295
l 1294 1295
l 1225 1295
l 1293 1294
l 1292 1293
l 1291 1292
l 546 1290
l 1288 1289
l 490 1288
l 1286 1287
l 1090 1287
l 1285 1286
l 1284 1285
l 1283 1284
l 1282 1283
l 1281 1282
l 1280 1281
l 1279 1280
l 1278 1279
l 1276 1277
l 1161 1277
l 1164 1276
l 606 1275
l 1274 1275
l 404 1274
l 848 1273
l 1208 1272
l 1206 1272
l 648 1271
l 1269 1270
l 827 1270
l 10 1269
l 1268 1269
l 897 1268
l 1219 1267
l 1266 1267
l 1265 1266
l 1264 1265
l 959 1263
l 1262 1263
l 1261 1262
l 1260 1261
l 1259 1260
l 1258 1259
l 965 1258
l 961 1258
l 1256 1257
l 779 1257
l 252 1256
l 173 1255
l 1253 1254
l 914 1253
l 1251 1252
l 671 1252
l 1250 1251
l 587 1250
l 1248 1249
l 581 1249
l 680 1248
l 918 1247
l 1246 1247
l 844 1246
l 697 1245
l 1244 1245
l 1243 1244
l 1242 1243
l 1241 1242
l 1240 1241
l 378 1240
l 685 1239
l 1201 1239
l 1196 1238
l 674 1238
l 1236 1237
l 1107 1237
l 1235 1236
l 1234 1235
l 1105 1234
l 419 1234
l 419 1233
l 1232 1233
l 1231 1232
l 1230 1231
l 1229 1230
l 647 1229
l 647 1228
l 1002 1228
l 195 1227
l 1226 1227
l 1225 1226
l 1224 1225
l 1223 1224
l 1222 1223
l 122 1222
l 1220 1221
l 1219 1220
l 138 1219
l 724 1218
l 1217 1218
l 1216 1217
l 1074 1216
l 13 1215
l 173 1215
l 894 1214
l 758 1214
l 1026 1213
l 1212 1213
l 1211 1212
l 1210 1211
l 350 1210
l 1208 1209
l 662 1209
l 713 1208
l 1206 1207
l 713 1207
l 1205 1206
l 1204 1205
l 1203 1204
l 1202 1203
l 672 1202
l 683 1201
l 1200 1201
l 1199 1200
l 1198 1199
l 1197 1198
l 677 1197
l 1196 1197
l 1194 1195
l 1193 1194
l 1192 1193
l 735 1192
l 1190 1191
l 1098 1190
l 1188 1189
l 1162 1189
l 457 1188
l 1131 1187
l 484 1186
l 561 1186
l 1089 1185
l 1184 1185
l 1183 1184
l 590 1183
l 1181 1182
l 595 1182
l 1180 1181
l 489 1180
l 958 1180
l 250 1179
l 1178 1179
l 1177 1178
l 779 1177
l 1175 1176
l 262 1176
l 832 1175
l 1069 1174
l 81 1173
l 1049 1173
l 1124 1173
l 1048 1172
l 707 1172
l 1170 1171
l 441 1171
l 50 1170
l 456 1169
l 48 1169
l 1167 1168
l 451 1168
l 455 1168
l 1166 1167
l 47 1167
l 1165 1166
l 1164 1165
l 1163 1164
l 1162 1163
l 1161 1162
l 1160 1161
l 1159 1160
l 1158 1159
l 287 1158
l 290 1157
l 294 1157
l 814 1156
l 797 1156
l 1155 1156
l 1154 1155
l 603 1153
l 1152 1153
l 1151 1152
l 1150 1151
l 568 1150
l 805 1149
l 1148 1149
l 1147 1148
l 1146 1147
l 1145 1146
l 1144 1145
l 1143 1144
l 145 1143
l 499 1142
l 1141 1142
l 1104 1141
l 187 1140
l 1139 1140
l 1138 1139
l 194 1138
l 1136 1137
l 867 1137
l 1135 1136
l 1134 1135
l 1133 1134
l 112 1133
l 513 1132
l 1131 1132
l 71 1131
l 1130 1131
l 1129 1130
l 1128 1129
l 1127 1128
l 1126 1127
l 1125 1126
l 660 1125
l 81 1124
l 1122 1123
l 221 1122
l 95 1121
l 783 1121
l 784 1121
l 684 1120
l 222 1119
l 966 1119
l 1118 1119
l 1117 1118
l 103 1117
l 944 1116
l 219 1115
l 983 1115
l 218 1114
l 1023 1114
l 543 1113
l 444 1113
l 1111 1112
l 280 1112
l 288 1111
l 1109 1110
l 728 1110
l 1108 1109
l 136 1108
l 317 1107
l 1106 1107
l 1105 1106
l 651 1105
l 498 1104
l 1103 1104
l 1102 1103
l 35 1102
l 1100 1101
l 1099 1100
l 1098 1099
l 737 1098
l 593 1097
l 1096 1097
l 1095 1096
l 1094 1095
l 591 1094
l 1093 1094
l 1092 1093
l 1091 1092
l 1090 1091
l 1089 1090
l 1088 1089
l 1087 1088
l 565 1087
l 1033 1086
l 270 1086
l 441 1085
l 1084 1085
l 537 1084
l 1082 1083
l 538 1083
l 1081 1082
l 1080 1081
l 1079 1080
l 41 1080
l 530 1079
l 1023 1078
l 79 1078
l 721 1077
l 1076 1077
l 1075 1076
l 1074 1075
l 824 1074
l 148 1074
l 1072 1073
l 680 1072
l 975 1071
l 1069 1070
l 766 1070
l 1068 1069
l 1067 1068
l 941 1067
l 1065 1066
l 528 1066
l 411 1065
l 1063 1064
l 413 1064
l 1062 1063
l 1061 1062
l 1060 1061
l 1059 1060
l 1058 1059
l 1040 1058
l 989 1057
l 1055 1056
l 969 1055
l 1053 1054
l 760 1054
l 76 1053
l 745 1053
l 710 1052
l 1051 1052
l 1050 1051
l 1049 1050
l 1048 1049
l 261 1047
l 266 1047
l 879 1046
l 1045 1046
l 934 1045
l 935 1044
l 1043 1044
l 864 1043
l 864 1042
l 992 1042
l 1040 1041
l 987 1041
l 1039 1040
l 1038 1039
l 656 1038
l 1029 1037
l 440 1037
l 1036 1037
l 785 1036
l 480 1036
l 665 1035
l 444 1034
l 452 1034
l 444 1033
l 440 1033
l 440 1032
l 1031 1032
l 1030 1031
l 1029 1030
l 1028 1029
l 792 1028
l 429 1027
l 347 1026
l 608 1026
l 402 1026
l 211 1025
l 348 1025
l 93 1024
l 1023 1024
l 1022 1023
l 1021 1022
l 984 1021
l 980 1020
l 1019 1020
l 1018 1019
l 1017 1018
l 1016 1017
l 1015 1016
l 359 1015
l 357 1015
l 657 1014
l 1012 1013
l 1011 1012
l 816 1011
l 723 1010
l 144 1010
l 60 1009
l 1008 1009
l 870 1008
l 1006 1007
l 1005 1006
l 1004 1005
l 759 1004
l 889 1004
l 1002 1003
l 859 1003
l 1001 1002
l 1000 1001
l 999 1000
l 998 999
l 997 998
l 996 997
l 995 996
l 994 995
l 993 994
l 992 993
l 991 992
l 990 991
l 989 990
l 988 989
l 987 988
l 373 987
l 985 986
l 38 986
l 84 985
l 87 985
l 983 984
l 783 984
l 982 983
l 981 982
l 945 981
l 946 980
l 942 980
l 978 979
l 942 979
l 977 978
l 770 977
l 227 976
l 917 976
l 383 975
l 974 975
l 973 974
l 972 973
l 971 972
l 236 971
l 233 970
l 968 969
l 967 968
l 761 967
l 256 966
l 916 966
l 250 965
l 964 965
l 963 964
l 962 963
l 961 962
l 960 961
l 959 960
l 958 959
l 489 958
l 322 957
l 956 957
l 955 956
l 323 956
l 954 955
l 953 954
l 743 953
l 952 953
l 950 951
l 949 950
l 948 949
l 100 948
l 100 947
l 946 947
l 945 946
l 944 945
l 943 944
l 942 943
l 768 942
l 768 941
l 359 941
l 747 940
l 939 940
l 938 939
l 511 938
l 313 937
l 22 937
l 936 937
l 934 935
l 862 934
l 115 934
l 932 933
l 505 933
l 931 932
l 930 931
l 929 930
l 928 929
l 313 928
l 19 927
l 926 927
l 925 926
l 924 925
l 923 924
l 316 923
l 422 923
l 921 922
l 855 921
l 919 920
l 695 920
l 918 919
l 518 918
l 389 917
l 395 917
l 222 916
l 300 915
l 793 914
l 913 914
l 131 913
l 131 912
l 911 912
l 132 912
l 466 911
l 909 910
l 171 910
l 908 909
l 907 908
l 906 907
l 905 906
l 904 905
l 903 904
l 902 903
l 901 902
l 900 901
l 899 900
l 898 899
l 822 899
l 897 898
l 9 897
l 179 896
l 895 896
l 894 895
l 757 894
l 753 893
l 892 893
l 891 892
l 890 891
l 889 890
l 888 889
l 887 888
l 195 887
l 885 886
l 865 886
l 884 885
l 883 884
l 882 883
l 881 882
l 880 881
l 879 880
l 878 879
l 877 878
l 876 877
l 875 876
l 874 875
l 873 874
l 872 873
l 871 872
l 870 871
l 869 870
l 867 868
l 866 867
l 865 866
l 864 865
l 863 864
l 862 863
l 861 862
l 860 861
l 859 860
l 195 859
l 182 858
l 857 858
l 856 857
l 179 856
l 854 855
l 853 854
l 852 853
l 694 853
l 851 852
l 850 851
l 693 851
l 849 850
l 848 849
l 691 848
l 690 847
l 846 847
l 522 846
l 496 846
l 844 845
l 496 845
l 843 844
l 842 843
l 695 842
l 840 841
l 696 841
l 839 840
l 379 839
l 837 838
l 381 838
l 836 837
l 835 836
l 243 835
l 260 834
l 833 834
l 832 833
l 514 832
l 830 831
l 16 831
l 829 830
l 828 829
l 827 828
l 826 827
l 825 826
l 824 825
l 823 824
l 149 824
l 822 823
l 153 822
l 155 821
l 820 821
l 819 820
l 158 819
l 817 818
l 160 818
l 475 817
l 793 816
l 795 816
l 814 815
l 800 815
l 813 814
l 812 813
l 802 812
l 810 811
l 253 811
l 772 810
l 265 809
l 808 809
l 807 808
l 806 807
l 161 805
l 804 805
l 803 804
l 802 803
l 801 802
l 800 801
l 799 800
l 798 799
l 797 798
l 796 797
l 795 796
l 794 795
l 793 794
l 301 793
l 429 792
l 791 792
l 790 791
l 433 790
l 343 789
l 788 789
l 437 789
l 787 788
l 786 787
l 785 786
l 702 785
l 96 784
l 783 784
l 215 783
l 781 782
l 225 782
l 780 781
l 779 780
l 232 778
l 776 777
l 231 777
l 775 776
l 774 775
l 773 774
l 391 774
l 772 773
l 268 772
l 226 772
l 256 771
l 770 771
l 769 770
l 768 769
l 767 768
l 766 767
l 765 766
l 764 765
l 763 764
l 762 763
l 761 762
l 760 761
l 74 760
l 758 759
l 757 758
l 756 757
l 755 756
l 754 755
l 753 754
l 752 753
l 182 752
l 641 752
l 750 751
l 183 751
l 749 750
l 748 749
l 318 748
l 746 747
l 363 747
l 659 746
l 362 746
l 744 745
l 77 745
l 595 743
l 742 743
l 741 742
l 740 741
l 739 740
l 738 739
l 601 738
l 329 737
l 736 737
l 735 736
l 734 735
l 632 734
l 732 733
l 139 733
l 731 732
l 730 731
l 729 730
l 728 729
l 727 728
l 726 727
l 299 726
l 147 725
l 724 725
l 723 724
l 722 723
l 721 722
l 611 721
l 35 720
l 84 720
l 94 719
l 639 719
l 359 718
l 78 718
l 360 718
l 716 717
l 578 717
l 715 716
l 714 715
l 584 714
l 583 714
l 684 714
l 712 713
l 670 713
l 664 712
l 660 711
l 78 711
l 31 710
l 709 710
l 708 709
l 707 708
l 706 707
l 305 706
l 200 705
l 429 705
l 346 705
l 342 704
l 703 704
l 702 703
l 485 702
l 343 702
l 701 702
l 700 701
l 699 700
l 698 699
l 696 697
l 695 696
l 694 695
l 693 694
l 692 693
l 691 692
l 523 692
l 690 691
l 689 690
l 688 689
l 687 688
l 686 687
l 685 686
l 684 685
l 683 684
l 682 683
l 681 682
l 680 681
l 679 680
l 678 679
l 677 678
l 676 677
l 581 676
l 675 676
l 674 675
l 673 674
l 589 673
l 589 672
l 671 672
l 670 671
l 669 670
l 668 669
l 667 668
l 666 667
l 665 666
l 664 665
l 663 664
l 662 663
l 514 663
l 74 662
l 660 661
l 76 661
l 659 660
l 658 659
l 657 658
l 656 657
l 655 656
l 654 655
l 653 654
l 652 653
l 412 652
l 416 651
l 650 651
l 649 650
l 648 649
l 647 648
l 646 647
l 645 646
l 194 645
l 643 644
l 193 644
l 642 643
l 641 642
l 640 641
l 426 639
l 428 638
l 637 638
l 636 637
l 574 636
l 634 635
l 605 635
l 573 635
l 633 634
l 632 633
l 631 632
l 630 631
l 629 630
l 628 629
l 627 628
l 571 627
l 625 626
l 328 626
l 624 625
l 623 624
l 621 622
l 620 621
l 14 620
l 618 619
l 17 619
l 617 618
l 616 617
l 615 616
l 614 615
l 613 614
l 612 613
l 611 612
l 610 611
l 609 610
l 310 609
l 607 608
l 203 608
l 606 607
l 605 606
l 573 605
l 603 604
l 329 604
l 602 603
l 601 602
l 600 601
l 599 600
l 598 599
l 597 598
l 596 597
l 595 596
l 594 595
l 593 594
l 592 593
l 591 592
l 590 591
l 588 589
l 587 588
l 586 587
l 585 586
l 584 585
l 583 584
l 582 583
l 581 582
l 580 581
l 579 580
l 578 579
l 577 578
l 576 577
l 234 576
l 201 575
l 574 575
l 573 574
l 572 573
l 340 572
l 571 572
l 330 571
l 569 570
l 335 570
l 568 569
l 567 568
l 566 567
l 565 566
l 564 565
l 563 564
l 562 563
l 561 562
l 560 561
l 559 560
l 558 559
l 557 558
l 556 557
l 555 556
l 554 555
l 553 554
l 552 553
l 551 552
l 550 551
l 549 550
l 548 549
l 547 548
l 546 547
l 545 546
l 544 545
l 482 545
l 275 544
l 542 543
l 446 543
l 541 542
l 47 540
l 50 539
l 538 539
l 537 538
l 536 537
l 535 536
l 534 535
l 533 534
l 532 533
l 531 532
l 530 531
l 40 530
l 38 529
l 205 529
l 527 528
l 510 528
l 368 527
l 369 527
l 371 526
l 502 526
l 525 526
l 524 525
l 522 523
l 521 522
l 520 521
l 494 520
l 496 519
l 518 519
l 517 518
l 236 517
l 235 516
l 515 516
l 514 515
l 74 514
l 110 513
l 512 513
l 511 512
l 510 511
l 509 510
l 365 509
l 363 508
l 507 508
l 506 507
l 505 506
l 504 505
l 503 504
l 502 503
l 501 502
l 79 501
l 32 500
l 499 500
l 498 499
l 496 497
l 495 496
l 494 495
l 493 494
l 492 493
l 491 492
l 234 491
l 489 490
l 251 490
l 320 489
l 487 488
l 331 488
l 334 487
l 485 486
l 335 486
l 484 485
l 483 484
l 482 483
l 481 482
l 274 482
l 480 481
l 479 480
l 271 479
l 270 478
l 477 478
l 475 476
l 474 475
l 473 474
l 472 473
l 471 472
l 470 471
l 469 470
l 468 469
l 467 468
l 466 467
l 465 466
l 464 465
l 133 465
l 293 464
l 462 463
l 287 463
l 137 462
l 136 461
l 460 461
l 459 460
l 458 459
l 457 458
l 44 457
l 455 456
l 47 456
l 454 455
l 453 454
l 452 453
l 451 452
l 450 451
l 449 450
l 448 449
l 447 448
l 446 447
l 278 447
l 445 446
l 278 446
l 277 445
l 443 444
l 276 444
l 442 443
l 441 442
l 440 441
l 439 440
l 438 439
l 437 438
l 436 437
l 435 436
l 434 435
l 343 435
l 433 434
l 432 433
l 431 432
l 430 431
l 341 429
l 428 429
l 427 428
l 200 427
l 92 426
l 425 426
l 85 426
l 79 425
l 80 424
l 31 424
l 28 424
l 16 423
l 422 423
l 421 422
l 177 421
l 419 420
l 185 420
l 418 419
l 417 418
l 318 417
l 186 417
l 372 416
l 415 416
l 414 415
l 413 414
l 412 413
l 411 412
l 410 411
l 409 410
l 408 409
l 407 408
l 406 407
l 404 405
l 403 404
l 402 403
l 401 402
l 400 401
l 399 400
l 398 399
l 397 398
l 352 397
l 395 396
l 226 396
l 394 395
l 393 394
l 392 393
l 391 392
l 390 391
l 389 390
l 388 389
l 387 388
l 386 387
l 230 386
l 228 386
l 240 385
l 384 385
l 383 384
l 382 383
l 381 382
l 380 381
l 379 380
l 378 379
l 377 378
l 376 377
l 375 376
l 374 375
l 372 373
l 315 372
l 370 371
l 314 371
l 369 370
l 368 369
l 367 368
l 366 367
l 365 366
l 364 365
l 363 364
l 362 363
l 361 362
l 360 361
l 359 360
l 358 359
l 357 358
l 356 357
l 355 356
l 94 355
l 353 354
l 92 354
l 208 353
l 212 352
l 351 352
l 350 351
l 349 350
l 348 349
l 347 348
l 203 347
l 206 347
l 200 346
l 345 346
l 344 345
l 343 344
l 342 343
l 341 342
l 340 341
l 339 340
l 338 339
l 337 338
l 336 337
l 335 336
l 334 335
l 333 334
l 332 333
l 331 332
l 330 331
l 329 330
l 328 329
l 327 328
l 326 327
l 325 326
l 324 325
l 323 324
l 322 323
l 321 322
l 320 321
l 318 319
l 317 318
l 316 317
l 315 316
l 314 315
l 313 314
l 21 313
l 18 312
l 29 312
l 310 311
l 31 311
l 309 310
l 308 309
l 307 308
l 306 307
l 305 306
l 34 305
l 303 304
l 37 304
l 302 303
l 140 302
l 139 302
l 141 301
l 300 301
l 299 300
l 298 299
l 297 298
l 296 297
l 132 296
l 294 295
l 135 295
l 293 294
l 292 293
l 291 292
l 290 291
l 289 290
l 288 289
l 287 288
l 286 287
l 285 286
l 284 285
l 283 284
l 282 283
l 281 282
l 280 281
l 279 280
l 278 279
l 277 278
l 276 277
l 275 276
l 274 275
l 273 274
l 272 273
l 271 272
l 270 271
l 268 269
l 267 268
l 266 267
l 265 266
l 264 265
l 263 264
l 262 263
l 261 262
l 260 261
l 259 260
l 258 259
l 257 258
l 256 257
l 255 256
l 254 255
l 253 254
l 223 253
l 251 252
l 225 252
l 250 251
l 249 250
l 248 249
l 247 248
l 246 247
l 245 246
l 244 245
l 229 244
l 242 243
l 229 243
l 241 242
l 231 242
l 240 241
l 239 240
l 238 239
l 237 238
l 236 237
l 235 236
l 234 235
l 233 234
l 231 232
l 230 231
l 229 230
l 228 229
l 227 228
l 226 227
l 225 226
l 224 225
l 223 224
l 222 223
l 221 222
l 220 221
l 219 220
l 218 219
l 217 218
l 216 217
l 215 216
l 214 215
l 213 214
l 212 213
l 211 212
l 210 211
l 209 210
l 208 209
l 207 208
l 206 207
l 205 206
l 204 205
l 203 204
l 202 203
l 201 202
l 200 201
l 199 200
l 197 198
l 196 197
l 195 196
l 194 195
l 193 194
l 192 193
l 191 192
l 190 191
l 189 190
l 188 189
l 187 188
l 186 187
l 185 186
l 184 185
l 183 184
l 182 183
l 181 182
l 180 181
l 179 180
l 178 179
l 177 178
l 176 177
l 175 176
l 174 175
l 173 174
l 10 173
l 171 172
l 1 172
l 170 171
l 169 170
l 168 169
l 167 168
l 166 167
l 165 166
l 164 165
l 163 164
l 162 163
l 161 162
l 160 161
l 159 160
l 158 159
l 157 158
l 156 157
l 155 156
l 154 155
l 153 154
l 152 153
l 151 152
l 150 151
l 149 150
l 148 149
l 147 148
l 146 147
l 145 146
l 144 145
l 143 144
l 142 143
l 141 142
l 140 141
l 139 140
l 138 139
l 137 138
l 136 137
l 135 136
l 134 135
l 133 134
l 132 133
l 131 132
l 130 131
l 129 130
l 128 129
l 127 128
l 125 126
l 124 125
l 123 124
l 122 123
l 121 122
l 120 121
l 119 120
l 118 119
l 117 118
l 116 117
l 115 116
l 114 115
l 58 114
l 60 113
l 112 113
l 111 112
l 110 111
l 67 110
l 108 109
l 64 109
l 107 108
l 106 107
l 105 106
l 104 105
l 102 103
l 101 102
l 100 101
l 99 100
l 98 99
l 97 98
l 96 97
l 95 96
l 94 95
l 93 94
l 92 93
l 91 92
l 90 91
l 89 90
l 88 89
l 87 88
l 86 87
l 85 86
l 84 85
l 83 84
l 82 83
l 81 82
l 80 81
l 79 80
l 78 79
l 77 78
l 76 77
l 75 76
l 74 75
l 73 74
l 72 73
l 71 72
l 70 71
l 69 70
l 68 69
l 67 68
l 66 67
l 65 66
l 64 65
l 63 64
l 62 63
l 61 62
l 60 61
l 59 60
l 58 59
l 57 58
l 56 57
l 55 56
l 54 55
l 53 54
l 52 53
l 51 52
l 49 50
l 48 49
l 47 48
l 46 47
l 45 46
l 44 45
l 43 44
l 42 43
l 41 42
l 40 41
l 39 40
l 38 39
l 37 38
l 36 37
l 35 36
l 34 35
l 33 34
l 32 33
l 31 32
l 30 31
l 29 30
l 28 29
l 27 28
l 26 27
l 25 26
l 24 25
l 23 24
l 22 23
l 21 22
l 20 21
l 19 20
l 18 19
l 17 18
l 16 17
l 15 16
l 14 15
l 13 14
l 12 13
l 11 12
l 10 11
l 9 10
l 8 9
l 7 8
l 6 7
l 5 6
l 4 5
l 3 4
l 2 3
l 1 2

k 100 670
k 1227 58
k 835 1803
k 1483 1247
k 735 709
k 712 2079
k 1128 984
k 566 1953
k 1173 1962
k 1452 578
k 713 382
k 2078 1769
k 820 491
k 933 1919
k 320 1612
k 1472 336
k 45 685
k 908 1325
k 1586 2074
k 850 62
k 1176 1778
k 1765 969
k 449 631
k 168 1454
k 81 41
k 1911 514
k 1575 331
k 221 1227
k 255 1725
k 1032 462
k 1125 448
k 1741 597
k 978 2073
k 1490 1506
k 52 1533
k 489 1680
k 1329 185
k 2072 716
k 33 115
k 772 1609
k 1866 1175
k 1529 1643
k 1526 1243
k 1153 1751
k 262 1297
k 1669 2070
k 610 855
k 2069 1209
k 199 448
k 291 1822
k 1709 611
k 1968 454
k 2013 1574
k 357 249
k 651 1934
k 961 1126
k 2068 2067
k 2066 1292
k 1592 952
k 2065 723
k 1249 199
k 739 911
k 737 1217
k 851 1410
k 1238 994
k 695 2063
k 733 2062
k 1973 2061
k 499 1248
k 2060 188
k 1510 728
k 1685 651
k 729 1943
k 470 583
k 2059 1397
k 1117 1750
k 860 1479
k 1313 1419
k 2036 1197
k 1840 1024
k 733 2057
k 2056 1272
k 863 550
k 758 2052
k 373 428
k 948 48
k 2051 653
k 1204 278
k 1617 567
k 2050 1842
k 1582 258
k 2048 1886
k 233 2047
k 2046 196
k 1150 688
k 1402 908
k 945 942
k 1022 1704
k 906 1860
k 1809 391
k 1338 2045
k 954 1762
k 1483 582
k 141 639
k 2021 2044
k 217 2043
k 1523 919
k 556 1139
k 1774 2041
k 2040 1093
k 1082 570
k 1353 943
k 1623 2035
k 306 1763
k 1444 1129
k 1663 1587
k 1875 249
k 312 2034
k 2033 663
k 1044 1787
k 431 1653
k 2032 2031
k 1286 1875
k 197 1375
k 2030 757
k 1120 99
k 530 402
k 194 1559
k 2029 1060
k 932 1982
k 1245 169
k 1083 1881
k 1748 2026
k 1959 2025
k 1714 679
k 2024 1924
k 1733 763
k 38 605
k 2023 1145
k 1780 1253
k 2021 1464
k 879 2016
k 1020 546
k 1353 400
k 2015 1387
k 1805 687
k 152 1325
k 470 611
k 1936 114
k 62 1222
k 993 1478
k 522 255
k 2014 2012
k 815 1652
k 1238 1511
k 510 902
k 584 767
k 982 2011
k 259 999
k 652 1974
k 2009 1828
k 139 1786
k 2008 931
k 1294 2006
k 1511 1074
k 1337 810
k 1679 1324
k 2005 975
k 2004 877
k 395 1861
k 1847 412
k 737 576
k 1821 1500
k 1999 1945
k 1440 1473
k 1456 1650
k 1998 1773
k 1129 1718
k 1668 1152
k 1995 564
k 1249 440
k 1444 1993
k 576 343
k 909 726
k 1485 945
k 1901 1682
k 1991 1859
k 1990 1031
k 491 1582
k 717 1287
k 1029 245
k 1622 330
k 1447 157
k 993 1086
k 1843 830
k 901 447
k 538 20
k 615 224
k 1432 227
k 739 674
k 108 1550
k 1270 862
k 550 1959
k 571 1837
k 1987 1986
k 1190 656
k 965 356
k 1635 165
k 439 824
k 137 1725
k 398 406
k 601 419
k 785 1985
k 1731 1551
k 1025 1758
k 865 1984
k 277 1577
k 1851 1080
k 1939 1981
k 1707 245
k 1049 760
k 1611 544
k 1980 1423
k 1120 1979
k 1688 322
k 1102 230
k 831 1005
k 1978 393
k 1801 957
k 650 956
k 291 1977
k 1649 1107
k 1201 76
k 611 165
k 1925 836
k 1945 1952
k 902 404
k 351 592
k 1976 15
k 1565 309
k 1975 1804
k 1888 1919
k 1238 1901
k 427 243
k 679 1972
k 288 1283
k 1082 1969
k 1968 562
k 1230 22
k 1967 1966
k 1965 33
k 1964 1922
k 1543 1235
k 485 175
k 1963 1221
k 367 99
k 490 29
k 517 1962
k 1841 308
k 878 1962
k 970 1743
k 1367 1261
k 1453 1961
k 426 855
k 1960 678
k 1959 1733
k 744 1958
k 425 1356
k 1246 457
k 1957 618
k 1099 211
k 1895 1955
k 1023 560
k 498 1130
k 1954 878
k 1953 59
k 1332 1005
k 1105 1862
k 1221 1643
k 1690 1139
k 750 585
k 1781 1469
k 119 465
k 466 518
k 1089 494
k 86 1766
k 429 1949
k 547 569
k 1260 1368
k 1129 1947
k 187 171
k 1356 1344
k 1907 619
k 1936 1946
k 1863 1944
k 1943 939
k 320 995
k 1121 363
k 303 736
k 1049 1650
k 1226 1527
k 1890 1812
k 1442 1165
k 1942 636
k 1519 105
k 1941 295
k 1595 264
k 280 1644
k 32 595
k 664 1673
k 923 1018
k 1164 1384
k 421 410
k 140 253
k 1682 1940
k 1158 438
k 532 1789
k 1757 722
k 198 841
k 1556 93
k 1253 403
k 1907 365
k 1933 97
k 488 1932
k 74 813
k 76 674
k 1219 602
k 724 1107
k 1606 602
k 156 1055
k 1931 606
k 1205 1836
k 962 3
k 1480 1930
k 1929 251
k 1558 1928
k 304 1738
k 227 221
k 1927 1921
k 14 1922
k 1492 1793
k 1921 413
k 1035 1183
k 1899 410
k 550 1621
k 1920 856
k 378 1919
k 1136 662
k 1699 1400
k 1700 1046
k 322 1679
k 1294 1917
k 1799 1415
k 204 1915
k 708 960
k 1251 1913
k 1912 990
k 1106 1272
k 1412 1060
k 1911 208
k 1859 411
k 1910 43
k 1909 449
k 632 1551
k 923 1907
k 781 1003
k 1601 401
k 1906 1132
k 1053 949
k 1310 1012
k 157 1320
k 929 56
k 1218 546
k 591 93
k 1589 1091
k 1581 392
k 903 1905
k 1904 29
k 1549 371
k 1432 1415
k 1899 1237
k 1704 1048
k 1902 609
k 887 1899
k 1555 633
k 1840 157
k 1882 928
k 1896 831
k 1895 1886
k 645 298
k 1119 14
k 1885 819
k 1880 1748
k 301 1137
k 1138 714
k 827 1879
k 1878 1877
k 1058 1613
k 1455 475
k 1876 1562
k 1703 1167
k 723 540
k 269 165
k 586 720
k 1070 480
k 1811 1875
k 924 1088
k 1108 1112
k 1115 1008
k 1873 1871
k 1870 434
k 424 1421
k 1868 469
k 1801 519
k 277 1866
k 480 1865
k 1552 1433
k 398 708
k 1864 1250
k 283 1862
k 1200 1410
k 247 1622
k 1403 1861
k 1273 1860
k 123 1859
k 835 1610
k 256 64
k 1566 804
k 411 1857
k 426 1823
k 707 1856
k 870 1853
k 1852 378
k 1388 457
k 1849 908
k 1144 1846
k 1845 1843
k 1842 1784
k 447 1211
k 1838 337
k 1471 1837
k 92 1707
k 1789 1746
k 1418 226
k 854 1833
k 1636 917
k 889 595
k 1828 1826
k 530 1395
k 787 39
k 957 290
k 1627 1818
k 1817 962
k 605 1811
k 1339 561
k 403 81
k 1455 1809
k 1137 1808
k 1807 1662
k 191 1799
k 1798 1693
k 1793 1007
k 269 1555
k 1792 1791
k 1790 543
k 1564 1067
k 1787 1458
k 213 462
k 1783 998
k 1004 1524
k 186 23
k 1780 652
k 1779 483
k 295 559
k 423 732
k 1358 1621
k 1776 581
k 1775 463
k 1773 842
k 86 1380
k 1772 1763
k 1762 167
k 1155 1761
k 757 158
k 981 904
k 1363 1760
k 1759 415
k 330 1685
k 853 1750
k 94 1749
k 1748 1745
k 446 979
k 1707 287
k 983 958
k 1744 303
k 372 886
k 1740 305
k 1669 362
k 1736 1488
k 1735 238
k 1734 276
k 24 1514
k 1731 1730
k 1729 1018
k 913 989
k 731 1268
k 1043 1722
k 746 1719
k 494 1416
k 1718 1124
k 570 1327
k 1714 1709
k 951 1598
k 1020 1388
k 1077 758
k 645 793
k 1168 394
k 334 1222
k 1705 1602
k 1163 1618
k 708 1701
k 1523 1697
k 1424 1696
k 681 18
k 921 84
k 1349 1085
k 1179 520
k 837 1691
k 1064 1187
k 827 488
k 1354 517
k 463 931
k 860 1682
k 1392 1282
k 1676 1675
k 1674 1630
k 1048 452
k 1673 1371
k 275 1671
k 1670 238
k 990 1547
k 20 898
k 890 1647
k 828 260
k 1646 1641
k 1040 616
k 1251 84
k 15 1630
k 1101 1519
k 1165 433
k 1499 1127
k 1637 592
k 1632 1629
k 1628 426
k 1617 204
k 1318 270
k 1611 763
k 264 1306
k 1136 351
k 1388 1204
k 1605 1601
k 1600 604
k 1598 1596
k 181 1370
k 1032 841
k 1590 1586
k 1298 870
k 1585 1318
k 891 1453
k 1392 804
k 1578 35
k 654 718
k 1572 989
k 317 82
k 693 1571
k 1570 1125
k 1497 1011
k 194 558
k 1555 446
k 317 1554
k 40 1379
k 1253 78
k 1549 1547
k 942 1546
k 1506 391
k 1262 1543
k 1542 1199
k 1145 1519
k 1539 801
k 1538 1401
k 1525 996
k 495 1046
k 1511 926
k 1508 1505
k 542 911
k 356 460
k 1502 1250
k 374 715
k 1496 1019
k 1495 1493
k 1492 1485
k 1484 1476
k 148 1474
k 1473 1459
k 1458 1452
k 676 1447
k 120 363
k 809 1259
k 1440 1433
k 117 725
k 427 1348
k 1429 1427
k 501 1375
k 447 1092
k 1417 1214
k 1415 1411
k 1410 256
k 1071 433
k 283 1398
k 1397 1385
k 487 1383
k 1272 173
k 1069 1072
k 606 1370
k 318 1368
k 647 1332
k 1365 958
k 642 1025
k 1353 322
k 1351 1335
k 183 1328
k 517 895
k 317 1303
k 454 1291
k 1290 1065
k 1289 1278
k 467 1274
k 1273 1206
k 1271 1264
k 714 79
k 977 1166
k 324 35
k 1255 800
k 1254 379
k 686 120
k 1221 758
k 608 1196
k 1195 208
k 1191 1187
k 1030 712
k 1174 1154
k 740 569
k 5 941
k 1140 1124
k 1123 427
k 1120 98
k 1116 460
k 185 480
k 1101 813
k 1073 1052
k 1071 1057
k 1056 1048
k 249 769
k 1046 546
k 1035 1027
k 404 1014
k 1013 868
k 1007 970
k 969 952
k 951 936
k 935 180
k 922 916
k 915 869
k 868 831
k 855 802
k 781 806
k 805 785
k 98 779
k 778 760
k 759 744
k 743 77
k 491 698
k 697 640
k 639 623
k 622 590
k 589 541
k 540 524
k 523 498
k 497 477
k 476 430
k 334 406
k 405 374
k 373 320
k 319 270
k 269 233
k 232 199
k 198 127
k 126 104
k 103 51
k 50 1

