NbNoeuds: 347
NbLiaison: 475
NbCommodite: 120
Gamma: 22

v 347 1764.68 2030.35
v 346 1888.83 2048.06
v 345 1877.01 2048.06
v 344 1853.36 2048.06
v 343 1841.54 2036.25
v 342 647.35 158.45
v 341 1540.03 2042.16
v 340 1545.94 2048.06
v 339 546.85 164.36
v 338 1504.56 2030.35
v 337 611.88 170.26
v 336 511.37 2042.16
v 335 517.29 2048.06
v 334 629.61 2042.16
v 333 1829.71 2048.06
v 332 1823.80 2030.35
v 331 1126.20 1918.15
v 330 1114.38 1894.53
v 329 1090.73 1918.15
v 328 1551.85 2042.16
v 327 1557.77 2048.06
v 326 1628.71 158.45
v 325 1676.00 170.26
v 324 1569.59 170.26
v 323 523.20 152.55
v 322 1735.12 1746.91
v 321 818.79 2042.16
v 320 1504.56 152.55
v 319 1504.56 164.36
v 318 1628.71 2036.25
v 317 1167.59 1935.87
v 316 558.67 164.36
v 315 552.76 158.45
v 314 529.11 170.26
v 313 523.20 164.36
v 312 517.29 158.45
v 311 523.20 2042.16
v 310 511.37 2030.35
v 309 605.96 1398.51
v 308 594.14 1244.98
v 307 576.40 158.45
v 306 570.49 152.55
v 305 564.58 158.45
v 304 1829.71 170.26
v 303 576.40 170.26
v 302 736.02 1741.00
v 301 1752.86 164.36
v 300 1699.65 158.45
v 299 564.58 2036.25
v 298 1498.65 158.45
v 297 1096.64 1959.49
v 296 1090.73 1953.58
v 295 1067.08 1929.96
v 294 1752.86 152.55
v 293 1800.15 152.55
v 292 600.05 2048.06
v 291 629.61 152.55
v 290 641.43 152.55
v 289 1746.95 158.45
v 288 1723.30 158.45
v 287 1723.30 170.26
v 286 1540.03 164.36
v 285 1250.35 754.86
v 284 1811.98 2030.35
v 283 1652.36 2048.06
v 282 1622.80 2030.35
v 281 1616.89 2036.25
v 280 1622.80 2042.16
v 279 1616.89 2048.06
v 278 860.17 158.45
v 277 641.43 2030.35
v 276 647.35 2036.25
v 275 1776.51 2030.35
v 274 1752.86 2030.35
v 273 611.87 1227.26
v 272 1877.01 158.45
v 271 1244.44 1929.96
v 270 1055.26 772.58
v 269 1599.15 2030.35
v 268 1605.06 2036.25
v 267 1268.09 748.96
v 266 1262.18 754.86
v 265 1268.09 784.39
v 264 1232.62 772.58
v 263 576.40 1522.52
v 262 617.79 1445.75
v 261 877.91 152.55
v 260 871.99 170.26
v 259 1811.98 152.55
v 258 1800.15 164.36
v 257 1782.42 170.26
v 256 1551.85 164.36
v 255 1510.47 170.26
v 254 801.05 170.26
v 253 1557.77 170.26
v 252 1557.77 158.45
v 251 1545.94 158.45
v 250 1540.03 152.55
v 249 1534.12 158.45
v 248 1244.44 748.96
v 247 1551.85 2030.35
v 246 1545.94 2036.25
v 245 1528.21 2030.35
v 244 1522.30 2036.25
v 243 1019.79 1953.58
v 242 1043.44 1941.77
v 241 1049.35 1924.06
v 240 1013.88 1876.82
v 239 996.14 1906.34
v 238 984.32 1918.15
v 237 1049.35 1900.44
v 236 1078.91 1882.72
v 235 1019.79 725.34
v 234 1853.36 2036.25
v 233 1859.27 2030.35
v 232 1871.09 2030.35
v 231 1522.30 170.26
v 230 552.76 2048.06
v 229 558.67 2042.16
v 228 1528.21 152.55
v 227 1528.21 164.36
v 226 1534.12 170.26
v 225 1191.23 1959.49
v 224 600.05 2036.25
v 223 605.96 2030.35
v 222 611.88 2036.25
v 221 617.79 2030.35
v 220 860.17 170.26
v 219 1498.65 170.26
v 218 1510.47 158.45
v 217 1516.38 164.36
v 216 1268.09 1929.96
v 215 570.49 2042.16
v 214 576.40 2048.06
v 213 582.32 2042.16
v 212 588.23 2048.06
v 211 635.52 2036.25
v 210 1120.29 743.05
v 209 1622.80 152.55
v 208 1232.62 760.76
v 207 1214.88 766.67
v 206 1729.21 1741.00
v 205 1877.01 2036.25
v 204 1871.09 2042.16
v 203 1498.65 2036.25
v 202 1492.74 2030.35
v 201 1800.15 2030.35
v 200 1871.09 152.55
v 199 1859.27 152.55
v 198 1563.68 152.55
v 197 635.52 170.26
v 196 1090.73 796.20
v 195 1888.83 170.26
v 194 1877.01 170.26
v 193 1871.09 164.36
v 192 1569.59 158.45
v 191 1563.68 164.36
v 190 1545.94 170.26
v 189 771.49 2042.16
v 188 765.58 2048.06
v 187 741.93 1746.91
v 186 588.23 2036.25
v 185 582.32 2030.35
v 184 576.40 2036.25
v 183 570.49 2030.35
v 182 877.91 2030.35
v 181 889.73 2042.16
v 180 895.64 2048.06
v 179 1522.30 2048.06
v 178 1185.32 772.58
v 177 1610.97 164.36
v 176 1652.36 170.26
v 175 1031.61 1906.34
v 174 889.73 2030.35
v 173 871.99 2036.25
v 172 860.17 2036.25
v 171 1593.24 158.45
v 170 1599.15 152.55
v 169 1605.06 158.45
v 168 1616.89 158.45
v 167 1622.80 164.36
v 166 1628.71 170.26
v 165 1711.47 170.26
v 164 753.76 1416.22
v 163 659.17 1250.88
v 162 1031.61 784.39
v 161 1173.50 559.99
v 160 1173.50 748.96
v 159 1291.73 1882.72
v 158 1327.20 1906.34
v 157 1599.15 2042.16
v 156 1593.24 2048.06
v 155 1587.33 2042.16
v 154 1581.41 2048.06
v 153 1575.50 2042.16
v 152 1569.59 2048.06
v 151 1563.68 2042.16
v 150 871.99 158.45
v 149 889.73 152.55
v 148 889.73 164.36
v 147 895.64 170.26
v 146 907.47 170.26
v 145 1587.33 152.55
v 144 1723.30 2036.25
v 143 1699.65 2036.25
v 142 1676.00 2048.06
v 141 1492.74 2042.16
v 140 1102.56 1953.58
v 139 1167.59 1959.49
v 138 1232.62 1941.77
v 137 795.14 2042.16
v 136 801.05 2048.06
v 135 1031.61 1422.13
v 134 753.76 1274.50
v 133 617.79 2042.16
v 132 611.88 2048.06
v 131 647.35 2048.06
v 130 670.99 2048.06
v 129 694.64 2048.06
v 128 718.29 2036.25
v 127 741.93 2048.06
v 126 741.93 2036.25
v 125 1114.38 784.39
v 124 1581.41 170.26
v 123 1587.33 164.36
v 122 1593.24 170.26
v 121 1599.15 164.36
v 120 1605.06 170.26
v 119 1610.97 548.18
v 118 1841.54 158.45
v 117 1841.54 170.26
v 116 1853.36 170.26
v 115 1575.50 2030.35
v 114 1569.59 2036.25
v 113 1563.68 2030.35
v 112 1540.03 2030.35
v 111 1534.12 2036.25
v 110 1516.38 2042.16
v 109 1510.47 2048.06
v 108 1504.56 2042.16
v 107 1498.65 2048.06
v 106 913.38 2030.35
v 105 895.64 2036.25
v 104 871.99 2048.06
v 103 860.17 2048.06
v 102 848.35 2048.06
v 101 842.43 2030.35
v 100 830.61 2030.35
v 99 818.79 2030.35
v 98 795.14 2030.35
v 97 783.32 2030.35
v 96 771.49 2030.35
v 95 765.58 2036.25
v 94 1108.47 1416.22
v 93 629.61 2030.35
v 92 641.43 2042.16
v 91 635.52 2048.06
v 90 623.70 2048.06
v 89 1238.53 1935.87
v 88 1179.41 1924.06
v 87 1185.32 1894.53
v 86 1185.32 1646.52
v 85 1149.85 1445.75
v 84 1268.09 1244.98
v 83 1279.91 1221.36
v 82 1226.70 1002.87
v 81 730.11 170.26
v 80 741.93 170.26
v 79 765.58 170.26
v 78 771.49 164.36
v 77 765.58 158.45
v 76 996.14 725.34
v 75 1002.05 719.43
v 74 1019.79 772.58
v 73 1013.88 790.29
v 72 978.41 778.48
v 71 570.49 164.36
v 70 564.58 170.26
v 69 558.67 152.55
v 68 546.85 152.55
v 67 540.93 158.45
v 66 535.02 164.36
v 65 529.11 158.45
v 64 588.23 170.26
v 63 582.32 164.36
v 62 588.23 158.45
v 61 594.14 152.55
v 60 600.05 158.45
v 59 605.96 152.55
v 58 771.49 152.55
v 57 783.32 152.55
v 56 795.14 152.55
v 55 818.79 164.36
v 54 830.61 152.55
v 53 842.43 152.55
v 52 848.35 170.26
v 51 1132.11 743.05
v 50 1161.67 760.76
v 49 1167.59 766.67
v 48 1179.41 754.86
v 47 1191.23 766.67
v 46 1274.00 790.29
v 45 1664.18 778.48
v 44 1569.59 1522.52
v 43 1522.30 1723.29
v 42 1315.38 1882.72
v 41 1746.95 2036.25
v 40 1752.86 2042.16
v 39 605.96 2042.16
v 38 594.14 2042.16
v 37 623.70 2036.25
v 36 546.85 2042.16
v 35 1025.70 754.86
v 34 718.29 158.45
v 33 1108.47 790.29
v 32 1114.38 796.20
v 31 759.67 1398.51
v 30 1031.61 1410.32
v 29 529.11 1723.29
v 28 558.67 2030.35
v 27 540.93 2048.06
v 26 1037.53 802.10
v 25 1049.35 778.48
v 24 1037.53 719.43
v 23 1149.85 996.97
v 22 1610.97 973.35
v 21 1315.38 796.20
v 20 1575.50 164.36
v 19 1581.41 158.45
v 18 1575.50 152.55
v 17 913.38 152.55
v 16 1492.74 152.55
v 15 1220.79 536.37
v 14 1173.50 548.18
v 13 895.64 158.45
v 12 1073.00 766.67
v 11 1078.91 772.58
v 10 1084.82 766.67
v 9 1096.64 778.48
v 8 670.99 170.26
v 7 647.35 170.26
v 6 641.43 164.36
v 5 635.52 158.45
v 4 629.61 164.36
v 3 623.70 158.45
v 2 617.79 164.36
v 1 611.88 158.45

l 275 347
l 345 346
l 204 345
l 204 344
l 234 344
l 333 343
l 234 343
l 290 342
l 340 341
l 111 341
l 328 340
l 315 339
l 109 338
l 203 338
l 60 337
l 2 337
l 335 336
l 311 335
l 91 334
l 332 333
l 206 332
l 284 332
l 330 331
l 317 331
l 329 330
l 295 329
l 327 328
l 112 328
l 151 327
l 167 326
l 176 326
l 176 325
l 209 325
l 20 324
l 191 324
l 65 323
l 206 322
l 136 321
l 99 321
l 298 320
l 298 319
l 219 319
l 282 318
l 88 317
l 139 317
l 138 317
l 70 316
l 315 316
l 68 315
l 66 314
l 313 314
l 312 313
l 310 311
l 29 310
l 308 309
l 262 309
l 273 308
l 63 307
l 306 307
l 305 306
l 70 305
l 117 304
l 70 303
l 63 303
l 187 302
l 29 302
l 257 301
l 289 301
l 294 301
l 165 300
l 209 300
l 287 300
l 28 299
l 183 299
l 16 298
l 218 298
l 140 297
l 296 297
l 243 296
l 295 296
l 241 295
l 289 294
l 259 293
l 257 293
l 39 292
l 3 291
l 290 291
l 6 290
l 58 290
l 5 290
l 288 289
l 287 288
l 165 287
l 266 286
l 249 286
l 248 285
l 266 285
l 206 284
l 201 284
l 282 283
l 142 283
l 157 282
l 281 282
l 280 281
l 279 280
l 220 278
l 211 277
l 276 277
l 201 275
l 274 275
l 41 274
l 163 273
l 193 272
l 108 271
l 216 271
l 202 271
l 89 271
l 25 270
l 268 269
l 157 268
l 266 267
l 231 266
l 265 266
l 46 265
l 190 265
l 264 265
l 47 264
l 208 264
l 262 263
l 29 263
l 164 262
l 149 261
l 150 261
l 220 260
l 150 260
l 119 259
l 258 259
l 257 258
l 251 256
l 190 256
l 207 255
l 219 255
l 217 255
l 78 254
l 55 254
l 191 253
l 191 252
l 251 252
l 250 251
l 249 250
l 227 249
l 228 249
l 208 248
l 231 248
l 246 247
l 112 246
l 244 245
l 111 245
l 109 244
l 107 243
l 242 243
l 241 242
l 237 241
l 175 240
l 239 240
l 238 239
l 103 238
l 175 237
l 236 237
l 24 235
l 75 235
l 35 235
l 233 234
l 232 233
l 205 232
l 217 231
l 227 231
l 36 230
l 229 230
l 17 228
l 227 228
l 226 227
l 139 225
l 187 224
l 223 224
l 222 223
l 221 222
l 93 221
l 37 221
l 52 220
l 161 220
l 51 220
l 160 219
l 218 219
l 217 218
l 202 216
l 88 216
l 159 216
l 158 216
l 214 215
l 213 214
l 212 213
l 38 212
l 93 211
l 135 211
l 125 210
l 51 210
l 169 209
l 168 209
l 207 208
l 47 207
l 43 206
l 205 206
l 204 205
l 202 203
l 108 203
l 158 202
l 42 201
l 199 200
l 193 199
l 18 198
l 192 198
l 74 197
l 4 197
l 73 197
l 9 196
l 31 196
l 134 196
l 119 195
l 194 195
l 193 194
l 191 192
l 190 191
l 21 190
l 95 189
l 188 189
l 96 189
l 127 188
l 186 187
l 135 187
l 185 186
l 184 185
l 183 184
l 174 182
l 173 182
l 180 181
l 104 181
l 105 181
l 106 180
l 110 179
l 47 178
l 167 177
l 120 177
l 166 176
l 174 175
l 173 174
l 104 173
l 86 172
l 103 172
l 170 171
l 123 171
l 145 171
l 169 170
l 121 169
l 168 169
l 167 168
l 166 167
l 165 166
l 31 164
l 163 164
l 134 163
l 74 162
l 134 162
l 26 162
l 25 162
l 160 161
l 14 161
l 51 161
l 48 160
l 42 159
l 87 159
l 86 159
l 158 159
l 157 158
l 42 158
l 156 157
l 155 156
l 154 155
l 153 154
l 152 153
l 151 152
l 114 151
l 149 150
l 53 150
l 13 149
l 148 149
l 147 148
l 13 148
l 146 147
l 14 147
l 14 146
l 17 146
l 17 145
l 124 145
l 18 145
l 143 144
l 41 144
l 142 143
l 107 141
l 139 140
l 107 140
l 138 139
l 89 138
l 98 137
l 136 137
l 127 136
l 30 135
l 131 135
l 11 134
l 31 134
l 90 133
l 132 133
l 39 132
l 93 132
l 92 131
l 130 131
l 129 130
l 128 129
l 127 128
l 126 127
l 94 126
l 46 125
l 81 125
l 33 125
l 123 124
l 20 124
l 122 123
l 121 122
l 120 121
l 119 120
l 45 119
l 118 119
l 117 118
l 116 117
l 114 115
l 113 114
l 112 113
l 111 112
l 110 111
l 109 110
l 108 109
l 107 108
l 89 108
l 106 107
l 105 106
l 104 105
l 103 104
l 102 103
l 101 102
l 86 102
l 100 101
l 99 100
l 98 99
l 85 99
l 97 98
l 96 97
l 95 96
l 94 95
l 85 95
l 30 94
l 85 94
l 83 94
l 92 93
l 37 93
l 91 92
l 90 91
l 88 89
l 87 88
l 86 87
l 85 86
l 84 85
l 83 84
l 44 84
l 43 84
l 82 83
l 23 82
l 34 81
l 80 81
l 79 80
l 78 79
l 77 78
l 56 78
l 58 77
l 6 76
l 75 76
l 74 75
l 35 74
l 73 74
l 62 73
l 72 73
l 71 72
l 70 71
l 69 70
l 68 69
l 67 68
l 66 67
l 65 66
l 63 64
l 62 63
l 61 62
l 60 61
l 59 60
l 58 59
l 57 58
l 6 58
l 56 57
l 55 56
l 54 55
l 53 54
l 52 53
l 51 52
l 50 51
l 49 50
l 48 49
l 47 48
l 46 47
l 22 46
l 21 46
l 44 45
l 22 45
l 43 44
l 42 43
l 41 42
l 40 41
l 38 39
l 37 38
l 36 37
l 27 36
l 24 35
l 8 34
l 33 34
l 32 33
l 9 33
l 23 32
l 30 31
l 23 31
l 29 30
l 28 29
l 27 28
l 25 26
l 12 25
l 24 25
l 8 24
l 9 23
l 22 23
l 21 22
l 20 21
l 19 20
l 18 19
l 17 18
l 16 17
l 15 16
l 14 15
l 13 14
l 11 12
l 10 11
l 9 10
l 8 9
l 7 8
l 6 7
l 5 6
l 4 5
l 3 4
l 2 3
l 1 2

k 157 158
k 231 105
k 164 293
k 9 3
k 187 347
k 254 14
k 327 87
k 166 11
k 52 283
k 121 316
k 343 193
k 346 341
k 342 340
k 339 245
k 26 297
k 62 42
k 239 82
k 107 164
k 336 269
k 29 324
k 296 286
k 214 245
k 330 281
k 334 42
k 151 96
k 333 182
k 104 116
k 17 155
k 177 125
k 155 219
k 323 322
k 307 13
k 102 76
k 158 214
k 58 264
k 145 221
k 163 18
k 27 320
k 118 189
k 314 49
k 188 256
k 61 168
k 63 76
k 47 315
k 180 130
k 219 316
k 72 78
k 4 217
k 318 297
k 218 84
k 26 302
k 118 80
k 256 312
k 223 275
k 152 37
k 72 250
k 60 183
k 225 212
k 311 69
k 223 294
k 304 264
k 236 93
k 3 235
k 65 302
k 193 17
k 36 291
k 112 7
k 260 294
k 42 293
k 261 292
k 106 109
k 291 168
k 289 279
k 217 186
k 278 276
k 58 274
k 121 273
k 34 272
k 139 14
k 177 270
k 269 218
k 73 153
k 267 238
k 54 231
k 175 257
k 261 257
k 169 77
k 253 110
k 247 220
k 90 236
k 101 5
k 234 27
k 228 229
k 13 226
k 62 225
k 100 28
k 157 132
k 220 217
k 104 124
k 215 209
k 208 204
k 181 201
k 200 58
k 2 196
k 124 193
k 192 183
k 182 179
k 178 176
k 175 165
k 164 113
k 63 142
k 141 7
k 90 116
k 115 90
k 89 65
k 64 40
k 39 29
k 35 27
k 26 13
k 12 1

