NbNoeuds: 459
NbLiaison: 631
NbCommodite: 200
Gamma: 36

v 459 2583.20 2291.80
v 458 1757.70 2520.40
v 457 1357.60 1479.00
v 456 3364.20 1015.50
v 455 3383.30 1028.20
v 454 3396.00 1053.60
v 453 3228.20 1547.30
v 452 2049.80 1745.70
v 451 3599.20 1364.70
v 450 1764.00 2291.80
v 449 3015.00 1606.00
v 448 3117.70 1154.10
v 447 3072.20 1547.30
v 446 3135.60 1606.00
v 445 2227.60 2812.50
v 444 2595.90 2774.40
v 443 2583.20 1421.90
v 442 3130.70 1131.30
v 441 3104.70 1466.10
v 440 3307.10 1618.70
v 439 3078.70 1238.60
v 438 1846.60 1415.50
v 437 3293.20 1524.60
v 436 2970.50 1942.60
v 435 2907.00 2234.70
v 434 3390.70 1407.60
v 433 2926.10 1917.20
v 432 2957.80 1879.10
v 431 3053.10 1866.40
v 430 2913.40 2253.70
v 429 2926.10 2304.50
v 428 3065.70 1154.10
v 427 3078.70 1131.30
v 426 3052.70 1131.30
v 425 2614.90 1110.70
v 424 3135.60 2603.00
v 423 3161.00 1390.10
v 422 2348.20 952.00
v 421 2221.20 1009.10
v 420 2507.00 1161.50
v 419 3059.40 1625.10
v 418 3135.60 1625.10
v 417 3020.20 1297.10
v 416 2507.00 2774.40
v 415 1916.40 2469.60
v 414 3169.70 1443.30
v 413 3195.70 1443.30
v 412 2456.20 2698.20
v 411 3072.10 932.90
v 410 3267.20 1524.60
v 409 3241.20 1524.60
v 408 3215.20 1524.60
v 407 1764.00 2749.00
v 406 2799.10 1364.70
v 405 2837.20 1352.00
v 404 3440.40 1402.80
v 403 3390.70 1329.60
v 402 3390.70 1355.60
v 401 3390.70 1381.60
v 400 3376.90 1567.90
v 399 2056.10 2577.60
v 398 3332.20 1362.10
v 397 3312.70 1466.10
v 396 3294.40 1593.30
v 395 3234.70 1466.10
v 394 2881.60 2190.20
v 393 3020.20 1271.10
v 392 1116.30 1555.20
v 391 0.00 0.00
v 390 2888.00 2730.00
v 389 2900.70 2615.70
v 388 2710.20 2596.60
v 387 2722.90 2622.00
v 386 2754.60 2698.20
v 385 2722.90 2755.40
v 384 2583.20 2799.80
v 383 1148.10 1771.10
v 382 1186.20 1796.50
v 381 2214.90 1174.20
v 380 2202.20 1136.10
v 379 2208.50 1085.30
v 378 3078.50 1694.90
v 377 2888.00 2533.10
v 376 2849.90 2514.10
v 375 2997.50 1440.10
v 374 2997.50 1414.10
v 373 3294.40 1796.50
v 372 3281.70 1777.50
v 371 2938.80 831.30
v 370 2043.40 1580.60
v 369 3129.30 1580.60
v 368 3124.20 1547.30
v 367 3199.10 1720.30
v 366 1897.40 2456.90
v 365 3390.70 1433.60
v 364 2722.90 1536.20
v 363 2919.70 1352.00
v 362 3413.50 1316.60
v 361 3413.50 1342.60
v 360 3434.10 2202.90
v 359 3434.10 2101.30
v 358 3446.80 2044.20
v 357 3332.20 1232.10
v 356 3332.20 1258.10
v 355 3332.20 1284.10
v 354 3293.20 1235.30
v 353 3215.20 1235.30
v 352 3189.20 1235.30
v 351 3163.20 1235.30
v 350 3137.20 1235.30
v 349 3020.20 1479.10
v 348 1637.00 2698.20
v 347 3548.40 1142.50
v 346 3745.20 1021.80
v 345 3611.90 1313.90
v 344 3542.00 1294.90
v 343 2868.90 1815.60
v 342 2862.60 1009.10
v 341 2837.20 1021.80
v 340 2792.70 1040.90
v 339 1757.70 1364.70
v 338 3267.20 1235.30
v 337 3241.20 1235.30
v 336 3221.70 1443.30
v 335 2875.30 2437.90
v 334 2602.20 1263.10
v 333 3129.30 2368.00
v 332 1891.00 2869.70
v 331 2957.80 1320.30
v 330 2970.50 1339.30
v 329 2589.50 1891.80
v 328 2614.90 1904.50
v 327 2659.40 1885.40
v 326 2462.50 1968.00
v 325 2608.60 2495.00
v 324 2570.50 2622.00
v 323 1814.80 1650.50
v 322 1846.60 1783.80
v 321 2545.10 1796.50
v 320 2672.10 1828.30
v 319 3351.50 2031.50
v 318 3396.00 1968.00
v 317 3078.50 1625.10
v 316 3208.70 1466.10
v 315 3182.70 1466.10
v 314 3078.70 1446.60
v 313 3078.70 1420.60
v 312 3020.20 1323.10
v 311 3154.70 1320.30
v 310 3176.20 1212.60
v 309 3150.20 1212.60
v 308 1745.00 2418.80
v 307 3286.70 1466.10
v 306 3260.70 1466.10
v 305 1745.00 2190.20
v 304 1999.00 1802.90
v 303 2997.50 1362.10
v 302 3078.70 1316.60
v 301 1764.00 2799.80
v 300 1237.00 1993.40
v 299 1205.20 1885.40
v 298 2519.70 1891.80
v 297 2513.30 1923.50
v 296 3247.70 1443.30
v 295 3237.20 1409.20
v 294 3218.20 1098.00
v 293 3529.30 1155.20
v 292 1872.00 3066.50
v 291 1852.90 3003.00
v 290 1872.00 2996.70
v 289 1224.30 2050.50
v 288 1173.50 2037.80
v 287 1160.80 2025.10
v 286 2634.00 1720.30
v 285 1960.90 1815.60
v 284 1351.30 2241.00
v 283 1649.70 2431.50
v 282 1732.30 2393.40
v 281 1764.00 2342.60
v 280 2780.00 2361.70
v 279 2875.30 2399.80
v 278 2202.20 2844.30
v 277 2011.70 2761.70
v 276 1903.70 2818.90
v 275 1872.00 2818.90
v 274 1897.40 2996.70
v 273 3567.40 1104.40
v 272 3516.60 1072.60
v 271 3396.00 1123.40
v 270 3364.70 1131.30
v 269 3338.70 1131.30
v 268 3294.40 1053.60
v 267 1802.10 1352.00
v 266 2507.00 1631.40
v 265 3202.20 1212.60
v 264 3150.20 1547.30
v 263 2424.40 1599.70
v 262 2741.90 1129.80
v 261 2659.40 1193.30
v 260 2589.50 1212.30
v 259 2570.50 1212.30
v 258 2011.70 1828.30
v 257 1732.30 2133.10
v 256 1706.90 2704.60
v 255 2297.40 1771.10
v 254 2997.50 1310.10
v 253 2997.50 1336.10
v 252 2811.80 1809.20
v 251 2805.40 1701.30
v 250 2608.60 1466.30
v 249 2614.90 1567.90
v 248 2507.00 1707.60
v 247 2430.80 1644.10
v 246 2691.10 2476.00
v 245 2716.50 2545.80
v 244 2792.70 2812.50
v 243 1300.50 2006.10
v 242 1846.60 1866.40
v 241 1821.20 1828.30
v 240 1668.80 1809.20
v 239 1732.30 1250.40
v 238 1833.90 1263.10
v 237 1941.80 1390.10
v 236 1948.20 2196.60
v 235 3059.40 952.00
v 234 3065.80 971.00
v 233 3091.20 990.10
v 232 3358.20 1547.30
v 231 3472.20 1821.90
v 230 3135.60 2234.70
v 229 3078.50 2082.30
v 228 2157.70 2139.40
v 227 2424.40 2107.70
v 226 2614.90 2088.60
v 225 2602.20 2190.20
v 224 2691.10 2260.10
v 223 2754.60 2253.70
v 222 2799.10 2260.10
v 221 3309.50 1323.10
v 220 3309.50 1349.10
v 219 3309.50 1375.10
v 218 3332.20 1388.10
v 217 3332.20 1414.10
v 216 3497.60 1028.20
v 215 3510.30 1015.50
v 214 3459.50 920.20
v 213 3408.70 875.80
v 212 3408.70 1161.50
v 211 3694.40 1301.20
v 210 3745.20 1275.80
v 209 3599.20 1631.40
v 208 3643.60 1707.60
v 207 3364.20 1834.60
v 206 3309.50 1401.10
v 205 3309.50 1427.10
v 204 3283.50 1417.30
v 203 3273.70 1443.30
v 202 3269.00 1352.00
v 201 3243.60 1323.10
v 200 3413.50 1472.60
v 199 3413.50 1498.60
v 198 3643.60 1891.80
v 197 3459.50 1879.10
v 196 3408.70 1891.80
v 195 2868.90 2101.30
v 194 2011.70 2272.80
v 193 2011.70 2177.50
v 192 1986.30 2133.10
v 191 3101.50 1251.60
v 190 3127.50 1261.30
v 189 3173.70 1288.50
v 188 3269.00 1834.60
v 187 3237.20 1853.70
v 186 3230.90 1955.30
v 185 3218.20 1663.20
v 184 3199.10 1663.20
v 183 3110.20 1777.50
v 182 3307.10 1834.60
v 181 3326.10 1853.70
v 180 3176.20 1547.30
v 179 2710.20 1866.40
v 178 3078.70 1394.60
v 177 3101.50 1329.60
v 176 3101.50 1303.60
v 175 3101.50 1277.60
v 174 3078.70 1290.60
v 173 3156.70 1131.30
v 172 3182.70 1131.30
v 171 3208.70 1131.30
v 170 3234.70 1131.30
v 169 3260.70 1131.30
v 168 3413.50 1238.60
v 167 1954.50 2583.90
v 166 2697.50 2006.10
v 165 2786.40 1885.40
v 164 2773.70 1866.40
v 163 2735.60 1847.30
v 162 2881.60 1256.80
v 161 2919.70 1244.10
v 160 3390.70 1479.10
v 159 3413.50 1368.60
v 158 3413.50 1394.60
v 157 3413.50 1420.60
v 156 3413.50 1446.60
v 155 3484.90 1339.30
v 154 3478.50 1250.40
v 153 3484.90 1199.60
v 152 3413.50 1290.60
v 151 3413.50 1264.60
v 150 3020.20 1245.10
v 149 2583.20 1694.90
v 148 3472.20 1174.20
v 147 3459.50 1199.60
v 146 3413.50 1186.60
v 145 3413.50 1212.60
v 144 3312.70 1131.30
v 143 3286.70 1131.30
v 142 3299.70 1154.10
v 141 3273.70 1154.10
v 140 3247.70 1154.10
v 139 3124.20 1212.60
v 138 3098.20 1212.60
v 137 3078.70 1264.60
v 136 3020.20 1199.60
v 135 2997.50 1206.10
v 134 2913.40 1333.00
v 133 2875.30 1345.70
v 132 2487.90 2063.20
v 131 2614.90 2317.20
v 130 1706.90 2774.40
v 129 3224.50 2488.70
v 128 3211.80 2730.00
v 127 3142.00 2717.30
v 126 3027.70 3047.50
v 125 2894.30 3047.50
v 124 2894.30 3003.00
v 123 2907.00 2971.30
v 122 2589.50 2990.30
v 121 2507.00 3003.00
v 120 2195.80 2939.50
v 119 2246.60 2888.70
v 118 2195.80 2476.00
v 117 2094.20 2564.90
v 116 2056.10 2469.60
v 115 2557.80 1256.80
v 114 2519.70 1244.10
v 113 3189.20 1524.60
v 112 3254.20 1547.30
v 111 3280.20 1547.30
v 110 3306.20 1547.30
v 109 3332.20 1547.30
v 108 3345.20 1524.60
v 107 3332.20 1310.10
v 106 3332.20 1336.10
v 105 3309.50 1297.10
v 104 3309.50 1271.10
v 103 3306.20 1212.60
v 102 3280.20 1212.60
v 101 3254.20 1212.60
v 100 3228.20 1212.60
v 99 3221.70 1154.10
v 98 3195.70 1154.10
v 97 3169.70 1154.10
v 96 3143.70 1154.10
v 95 2997.50 1180.10
v 94 2938.80 1180.40
v 93 3034.00 964.70
v 92 2945.10 1015.50
v 91 2900.70 1028.20
v 90 2875.30 1079.00
v 89 2043.40 1301.20
v 88 1948.20 1307.60
v 87 2926.10 1142.50
v 86 2862.60 1123.40
v 85 2437.10 1523.50
v 84 2430.80 1504.40
v 83 2437.10 1434.60
v 82 2214.90 1428.20
v 81 2227.60 1339.30
v 80 2183.10 1320.30
v 79 2056.10 1821.90
v 78 2043.40 1853.70
v 77 1859.30 2164.80
v 76 1891.00 2247.40
v 75 2056.10 2355.30
v 74 2037.10 2304.50
v 73 2348.20 2241.00
v 72 2335.50 2355.30
v 71 2430.80 2399.80
v 70 2494.30 2368.00
v 69 2583.20 2368.00
v 68 2805.40 2291.80
v 67 2824.50 2285.50
v 66 2862.60 2279.10
v 65 2824.50 2133.10
v 64 2792.70 2145.80
v 63 2964.20 1707.60
v 62 2913.40 1618.70
v 61 2830.80 1593.30
v 60 2818.10 1244.10
v 59 2849.90 1294.90
v 58 2875.30 1294.90
v 57 2900.70 1294.90
v 56 2997.50 1232.10
v 55 2997.50 1258.10
v 54 2997.50 1284.10
v 53 3020.20 1349.10
v 52 3020.20 1375.10
v 51 3020.20 1401.10
v 50 3078.70 1342.60
v 49 3078.70 1368.60
v 48 3101.50 1355.60
v 47 3101.50 1381.60
v 46 3139.90 1375.40
v 45 3156.70 1466.10
v 44 3130.70 1466.10
v 43 3143.70 1443.30
v 42 3117.70 1443.30
v 41 2735.60 2063.20
v 40 2627.60 2018.80
v 39 2589.50 2075.90
v 38 2487.90 1993.40
v 37 2684.80 1974.30
v 36 2722.90 1961.60
v 35 2748.30 1961.60
v 34 2475.20 1936.20
v 33 2494.30 1910.80
v 32 2494.30 1879.10
v 31 2494.30 1834.60
v 30 2824.50 1485.40
v 29 2837.20 1466.30
v 28 2900.70 1440.90
v 27 2875.30 1383.80
v 26 2951.50 1402.80
v 25 2938.80 1383.80
v 24 2997.50 1388.10
v 23 3020.20 1427.10
v 22 2997.50 1466.10
v 21 3111.20 1524.60
v 20 3148.30 1682.20
v 19 3097.50 1707.60
v 18 3098.20 1547.30
v 17 2767.30 1269.50
v 16 2691.10 1440.90
v 15 2741.90 1504.40
v 14 2729.20 1663.20
v 13 2773.70 1625.10
v 12 2894.30 1688.60
v 11 2951.50 1650.50
v 10 3002.30 1720.30
v 9 3059.40 1707.60
v 8 2932.40 1548.90
v 7 2964.20 1510.80
v 6 2997.50 1492.10
v 5 3163.20 1524.60
v 4 3137.20 1524.60
v 3 3338.80 1758.40
v 2 3351.50 1802.90
v 1 3351.50 1821.90

l 131 459
l 308 458
l 392 457
l 455 456
l 454 455
l 271 454
l 112 453
l 370 452
l 79 452
l 345 451
l 156 451
l 281 450
l 305 450
l 378 449
l 96 448
l 419 447
l 18 447
l 369 446
l 418 446
l 278 445
l 384 444
l 249 443
l 173 442
l 96 442
l 44 441
l 396 440
l 137 439
l 267 438
l 307 437
l 410 437
l 433 436
l 394 435
l 430 435
l 365 434
l 401 434
l 19 433
l 432 433
l 431 432
l 183 431
l 66 430
l 429 430
l 96 428
l 427 428
l 426 427
l 380 425
l 261 425
l 129 424
l 127 424
l 46 423
l 421 422
l 379 421
l 259 420
l 380 420
l 378 419
l 317 419
l 317 418
l 20 418
l 312 417
l 393 417
l 245 416
l 412 416
l 384 416
l 167 415
l 275 415
l 366 415
l 43 414
l 413 414
l 336 413
l 325 412
l 235 411
l 395 410
l 409 410
l 306 410
l 408 409
l 113 408
l 301 407
l 405 406
l 133 405
l 158 404
l 362 403
l 402 403
l 401 402
l 400 401
l 232 400
l 117 399
l 167 399
l 107 398
l 218 398
l 106 398
l 206 397
l 396 397
l 395 396
l 110 396
l 316 395
l 306 395
l 65 394
l 150 393
l 383 392
l 391 392
l 389 390
l 244 390
l 376 389
l 387 388
l 245 388
l 386 387
l 385 386
l 384 385
l 122 384
l 288 383
l 382 383
l 240 382
l 80 381
l 259 381
l 380 381
l 379 380
l 9 378
l 19 378
l 376 377
l 335 376
l 22 375
l 374 375
l 23 375
l 24 374
l 372 373
l 182 373
l 367 372
l 93 371
l 237 370
l 368 369
l 18 368
l 264 368
l 184 367
l 301 366
l 361 365
l 15 364
l 134 363
l 25 363
l 152 362
l 361 362
l 159 361
l 155 361
l 359 360
l 358 359
l 318 358
l 207 357
l 356 357
l 355 356
l 107 355
l 338 354
l 102 354
l 337 353
l 352 353
l 351 352
l 350 351
l 190 350
l 45 349
l 6 349
l 44 349
l 256 348
l 293 347
l 273 346
l 211 345
l 344 345
l 156 344
l 155 344
l 252 343
l 341 342
l 91 342
l 340 341
l 262 340
l 78 339
l 267 339
l 337 338
l 220 337
l 171 336
l 296 336
l 112 336
l 279 335
l 81 334
l 115 334
l 129 333
l 230 333
l 278 332
l 274 332
l 276 332
l 330 331
l 134 331
l 253 330
l 298 329
l 328 329
l 327 328
l 179 327
l 228 326
l 34 326
l 38 326
l 246 325
l 324 325
l 322 323
l 241 322
l 285 322
l 31 321
l 248 321
l 298 320
l 179 320
l 318 319
l 129 319
l 196 318
l 19 317
l 265 316
l 98 316
l 315 316
l 113 316
l 45 315
l 47 314
l 313 314
l 48 314
l 178 313
l 53 312
l 302 312
l 176 311
l 189 311
l 265 310
l 191 310
l 97 310
l 309 310
l 139 309
l 77 308
l 282 308
l 205 307
l 306 307
l 100 306
l 111 306
l 77 305
l 257 305
l 258 304
l 253 303
l 24 303
l 174 302
l 50 302
l 275 301
l 130 301
l 289 300
l 243 300
l 299 300
l 14 298
l 297 298
l 32 298
l 33 297
l 35 297
l 203 296
l 295 296
l 294 295
l 170 294
l 171 294
l 272 293
l 148 293
l 123 292
l 291 292
l 290 291
l 274 290
l 288 289
l 284 289
l 287 288
l 149 286
l 258 285
l 284 285
l 283 284
l 282 283
l 281 282
l 279 280
l 66 280
l 68 280
l 245 279
l 119 278
l 277 278
l 276 277
l 275 276
l 117 276
l 274 275
l 130 274
l 211 273
l 272 273
l 216 272
l 212 271
l 270 271
l 145 270
l 269 270
l 268 269
l 144 269
l 233 268
l 143 268
l 238 267
l 248 266
l 247 266
l 171 265
l 100 265
l 20 264
l 180 264
l 85 263
l 247 263
l 261 262
l 86 262
l 260 261
l 259 260
l 115 259
l 78 258
l 257 258
l 130 256
l 83 255
l 247 255
l 54 254
l 253 254
l 164 252
l 251 252
l 13 251
l 249 250
l 16 250
l 248 249
l 247 248
l 149 248
l 193 247
l 69 246
l 245 246
l 244 245
l 123 244
l 242 243
l 241 242
l 240 241
l 239 240
l 238 239
l 237 238
l 79 237
l 88 237
l 74 236
l 193 236
l 76 236
l 192 236
l 93 235
l 234 235
l 233 234
l 142 233
l 231 232
l 109 232
l 197 231
l 65 230
l 196 230
l 229 230
l 186 229
l 195 229
l 227 228
l 193 228
l 38 228
l 132 227
l 225 226
l 132 226
l 40 226
l 39 226
l 224 225
l 223 224
l 222 223
l 68 222
l 220 221
l 105 221
l 219 220
l 202 220
l 218 219
l 206 219
l 217 218
l 215 216
l 214 215
l 213 214
l 212 213
l 146 212
l 148 211
l 210 211
l 209 210
l 208 209
l 198 208
l 1 207
l 196 207
l 205 206
l 109 206
l 108 206
l 204 205
l 203 204
l 202 203
l 201 202
l 156 200
l 199 200
l 160 200
l 198 199
l 197 198
l 196 197
l 187 196
l 187 195
l 65 195
l 193 194
l 73 194
l 74 194
l 192 193
l 82 192
l 175 191
l 190 191
l 189 190
l 5 189
l 182 188
l 187 188
l 186 187
l 184 185
l 20 184
l 183 184
l 182 183
l 181 182
l 1 181
l 172 180
l 112 180
l 5 180
l 13 179
l 163 179
l 51 178
l 50 178
l 49 178
l 48 177
l 176 177
l 175 176
l 174 175
l 136 174
l 173 174
l 137 174
l 172 173
l 171 172
l 170 171
l 169 170
l 143 169
l 145 168
l 151 168
l 76 167
l 116 167
l 41 166
l 37 166
l 164 165
l 35 165
l 163 164
l 161 162
l 58 162
l 94 161
l 159 160
l 158 159
l 157 158
l 156 157
l 155 156
l 154 155
l 153 154
l 147 153
l 147 152
l 151 152
l 144 151
l 136 150
l 56 150
l 16 149
l 147 148
l 146 147
l 145 146
l 144 145
l 143 144
l 142 143
l 141 142
l 102 142
l 140 141
l 99 140
l 97 139
l 138 139
l 137 138
l 136 137
l 135 136
l 95 135
l 56 135
l 57 135
l 56 134
l 133 134
l 57 134
l 27 133
l 39 132
l 38 132
l 131 132
l 69 131
l 76 130
l 66 129
l 128 129
l 127 128
l 126 127
l 125 126
l 124 125
l 123 124
l 122 123
l 121 122
l 120 121
l 119 120
l 69 119
l 72 119
l 117 118
l 72 118
l 116 117
l 75 116
l 80 115
l 114 115
l 112 113
l 5 113
l 111 112
l 110 111
l 109 110
l 2 109
l 108 109
l 107 108
l 106 107
l 105 106
l 104 105
l 103 104
l 102 103
l 101 102
l 100 101
l 99 100
l 98 99
l 97 98
l 96 97
l 95 96
l 94 95
l 93 94
l 87 94
l 92 93
l 91 92
l 90 91
l 86 90
l 88 89
l 80 89
l 86 87
l 85 86
l 84 85
l 83 84
l 82 83
l 81 82
l 80 81
l 79 80
l 78 79
l 77 78
l 76 77
l 75 76
l 74 75
l 73 74
l 72 73
l 71 72
l 70 71
l 69 70
l 68 69
l 67 68
l 66 67
l 65 66
l 64 65
l 63 64
l 41 64
l 11 63
l 41 63
l 10 63
l 28 62
l 11 62
l 61 62
l 13 61
l 59 60
l 17 60
l 58 59
l 57 58
l 56 57
l 55 56
l 54 55
l 53 54
l 52 53
l 51 52
l 50 51
l 23 51
l 49 50
l 48 49
l 47 48
l 46 47
l 45 46
l 44 45
l 43 44
l 42 43
l 40 41
l 39 40
l 38 39
l 37 38
l 36 37
l 35 36
l 34 35
l 33 34
l 32 33
l 31 32
l 14 31
l 16 30
l 29 30
l 15 30
l 28 29
l 27 28
l 26 27
l 25 26
l 24 25
l 8 24
l 23 24
l 22 23
l 6 22
l 6 21
l 20 21
l 4 21
l 19 20
l 18 19
l 16 17
l 15 16
l 14 15
l 13 14
l 12 13
l 11 12
l 10 11
l 9 10
l 8 9
l 7 8
l 6 7
l 5 6
l 4 5
l 3 4
l 2 3
l 1 2

k 6 445
k 93 416
k 423 326
k 272 25
k 459 180
k 405 127
k 458 104
k 383 197
k 457 52
k 252 140
k 138 243
k 24 246
k 320 412
k 237 143
k 213 264
k 350 8
k 148 420
k 456 453
k 383 427
k 66 283
k 162 71
k 194 420
k 289 306
k 82 356
k 382 352
k 451 301
k 77 61
k 12 43
k 72 428
k 398 88
k 435 158
k 305 344
k 370 119
k 219 433
k 368 361
k 300 305
k 39 403
k 56 449
k 361 448
k 448 274
k 140 164
k 417 278
k 146 174
k 8 65
k 374 320
k 364 369
k 435 130
k 45 436
k 359 24
k 175 378
k 171 167
k 19 253
k 42 114
k 46 399
k 441 364
k 285 107
k 428 410
k 445 51
k 29 335
k 49 425
k 444 393
k 323 443
k 48 214
k 170 10
k 66 413
k 413 227
k 432 441
k 440 439
k 72 381
k 421 23
k 214 417
k 277 142
k 66 439
k 409 274
k 240 218
k 96 320
k 425 96
k 387 430
k 54 386
k 38 393
k 116 239
k 303 12
k 423 166
k 385 375
k 238 50
k 438 108
k 242 417
k 15 46
k 222 207
k 255 436
k 255 435
k 294 432
k 169 33
k 191 429
k 313 126
k 389 426
k 288 363
k 60 268
k 97 425
k 127 20
k 384 297
k 423 118
k 372 7
k 422 176
k 376 179
k 155 363
k 304 18
k 381 384
k 366 278
k 48 412
k 181 67
k 411 85
k 132 74
k 219 407
k 406 323
k 8 106
k 404 329
k 281 24
k 294 388
k 6 266
k 368 78
k 164 52
k 208 206
k 394 261
k 4 242
k 15 393
k 250 88
k 1 102
k 365 192
k 46 391
k 390 99
k 287 379
k 236 150
k 11 40
k 43 297
k 377 311
k 109 374
k 93 63
k 373 355
k 371 370
k 322 356
k 58 201
k 71 369
k 368 34
k 367 366
k 365 364
k 135 12
k 76 361
k 70 108
k 188 159
k 40 98
k 360 44
k 348 9
k 270 10
k 176 347
k 346 107
k 343 289
k 251 180
k 342 339
k 338 335
k 227 208
k 268 236
k 333 330
k 329 324
k 323 4
k 170 183
k 209 169
k 230 317
k 3 237
k 21 308
k 156 62
k 71 68
k 305 304
k 285 178
k 301 299
k 298 93
k 293 287
k 286 281
k 128 193
k 185 252
k 267 266
k 265 257
k 256 253
k 252 125
k 243 229
k 81 217
k 216 201
k 147 79
k 177 186
k 185 96
k 163 168
k 167 163
k 162 10
k 160 149
k 148 130
k 41 114
k 61 88
k 87 42
k 41 18
k 17 1

