NbNoeuds: 507
NbLiaison: 656
NbCommodite: 200
Gamma: 38

v 507 81.00 338.00
v 506 163.00 270.00
v 505 166.00 430.00
v 504 94.00 418.00
v 503 31.00 26.00
v 502 171.00 81.00
v 501 164.00 95.00
v 500 156.00 100.00
v 499 79.00 55.00
v 498 135.00 278.00
v 497 9.00 419.00
v 496 148.00 188.00
v 495 206.00 464.00
v 494 119.00 370.00
v 493 150.00 430.00
v 492 84.00 454.00
v 491 108.00 470.00
v 490 142.00 431.00
v 489 112.00 327.00
v 488 65.00 199.00
v 487 72.00 195.00
v 486 20.00 99.00
v 485 169.00 233.00
v 484 209.00 194.00
v 483 46.00 432.00
v 482 1.00 55.00
v 481 1.00 71.00
v 480 1.00 100.00
v 479 22.00 113.00
v 478 163.00 142.00
v 477 221.00 308.00
v 476 69.00 41.00
v 475 151.00 337.00
v 474 138.00 338.00
v 473 38.00 239.00
v 472 23.00 253.00
v 471 136.00 497.00
v 470 196.00 218.00
v 469 203.00 32.00
v 468 59.00 414.00
v 467 85.00 35.00
v 466 127.00 376.00
v 465 29.00 421.00
v 464 135.00 317.00
v 463 54.00 286.00
v 462 69.00 491.00
v 461 71.00 484.00
v 460 193.00 238.00
v 459 33.00 490.00
v 458 208.00 50.00
v 457 229.00 101.00
v 456 204.00 438.00
v 455 118.00 253.00
v 454 123.00 244.00
v 453 133.00 241.00
v 452 67.00 458.00
v 451 81.00 278.00
v 450 22.00 121.00
v 449 190.00 195.00
v 448 185.00 265.00
v 447 142.00 120.00
v 446 199.00 290.00
v 445 177.00 154.00
v 444 183.00 149.00
v 443 225.00 357.00
v 442 8.00 190.00
v 441 15.00 183.00
v 440 53.00 124.00
v 439 41.00 132.00
v 438 31.00 132.00
v 437 51.00 499.00
v 436 46.00 481.00
v 435 215.00 407.00
v 434 212.00 399.00
v 433 215.00 313.00
v 432 115.00 77.00
v 431 120.00 17.00
v 430 119.00 14.00
v 429 165.00 492.00
v 428 193.00 419.00
v 427 202.00 418.00
v 426 27.00 324.00
v 425 18.00 331.00
v 424 16.00 89.00
v 423 71.00 15.00
v 422 178.00 11.00
v 421 184.00 139.00
v 420 201.00 145.00
v 419 199.00 157.00
v 418 199.00 166.00
v 417 38.00 297.00
v 416 41.00 296.00
v 415 61.00 401.00
v 414 66.00 390.00
v 413 113.00 461.00
v 412 102.00 460.00
v 411 57.00 443.00
v 410 18.00 409.00
v 409 135.00 422.00
v 408 96.00 349.00
v 407 208.00 173.00
v 406 104.00 18.00
v 405 95.00 1.00
v 404 86.00 1.00
v 403 108.00 21.00
v 402 87.00 234.00
v 401 93.00 303.00
v 400 87.00 313.00
v 399 130.00 120.00
v 398 158.00 290.00
v 397 1.00 338.00
v 396 89.00 418.00
v 395 153.00 478.00
v 394 160.00 470.00
v 393 176.00 488.00
v 392 183.00 499.00
v 391 192.00 493.00
v 390 201.00 494.00
v 389 212.00 491.00
v 388 37.00 340.00
v 387 37.00 338.00
v 386 116.00 451.00
v 385 126.00 444.00
v 384 134.00 449.00
v 383 216.00 92.00
v 382 229.00 86.00
v 381 71.00 273.00
v 380 71.00 281.00
v 379 57.00 278.00
v 378 135.00 55.00
v 377 140.00 293.00
v 376 147.00 300.00
v 375 34.00 85.00
v 374 163.00 286.00
v 373 83.00 191.00
v 372 159.00 47.00
v 371 103.00 103.00
v 370 174.00 294.00
v 369 187.00 298.00
v 368 44.00 269.00
v 367 32.00 274.00
v 366 14.00 257.00
v 365 36.00 247.00
v 364 6.00 240.00
v 363 19.00 480.00
v 362 1.00 451.00
v 361 33.00 439.00
v 360 221.00 450.00
v 359 41.00 364.00
v 358 46.00 357.00
v 357 67.00 426.00
v 356 79.00 423.00
v 355 98.00 66.00
v 354 171.00 135.00
v 353 136.00 133.00
v 352 128.00 125.00
v 351 64.00 9.00
v 350 51.00 5.00
v 349 51.00 242.00
v 348 22.00 267.00
v 347 31.00 305.00
v 346 64.00 261.00
v 345 168.00 365.00
v 344 175.00 419.00
v 343 136.00 473.00
v 342 143.00 461.00
v 341 73.00 164.00
v 340 68.00 175.00
v 339 163.00 5.00
v 338 189.00 403.00
v 337 208.00 399.00
v 336 226.00 385.00
v 335 213.00 369.00
v 334 225.00 121.00
v 333 219.00 218.00
v 332 136.00 412.00
v 331 167.00 405.00
v 330 167.00 396.00
v 329 115.00 142.00
v 328 62.00 209.00
v 327 74.00 213.00
v 326 89.00 209.00
v 325 95.00 212.00
v 324 108.00 205.00
v 323 107.00 195.00
v 322 124.00 177.00
v 321 181.00 254.00
v 320 192.00 256.00
v 319 205.00 251.00
v 318 218.00 254.00
v 317 215.00 263.00
v 316 193.00 397.00
v 315 191.00 436.00
v 314 85.00 485.00
v 313 82.00 173.00
v 312 41.00 406.00
v 311 39.00 407.00
v 310 25.00 407.00
v 309 29.00 394.00
v 308 17.00 392.00
v 307 22.00 376.00
v 306 17.00 371.00
v 305 7.00 376.00
v 304 214.00 52.00
v 303 223.00 46.00
v 302 102.00 254.00
v 301 185.00 220.00
v 300 177.00 225.00
v 299 205.00 219.00
v 298 207.00 229.00
v 297 194.00 52.00
v 296 181.00 52.00
v 295 171.00 48.00
v 294 211.00 28.00
v 293 207.00 19.00
v 292 78.00 84.00
v 291 84.00 95.00
v 290 47.00 86.00
v 289 101.00 143.00
v 288 115.00 134.00
v 287 41.00 19.00
v 286 36.00 13.00
v 285 24.00 6.00
v 284 81.00 260.00
v 283 71.00 258.00
v 282 161.00 49.00
v 281 208.00 301.00
v 280 212.00 324.00
v 279 198.00 460.00
v 278 143.00 489.00
v 277 129.00 470.00
v 276 121.00 482.00
v 275 117.00 482.00
v 274 85.00 466.00
v 273 74.00 464.00
v 272 68.00 472.00
v 271 54.00 474.00
v 270 39.00 380.00
v 269 34.00 362.00
v 268 56.00 374.00
v 267 62.00 365.00
v 266 74.00 362.00
v 265 189.00 366.00
v 264 2.00 277.00
v 263 15.00 275.00
v 262 22.00 287.00
v 261 13.00 293.00
v 260 4.00 300.00
v 259 9.00 310.00
v 258 17.00 308.00
v 257 165.00 184.00
v 256 174.00 193.00
v 255 215.00 78.00
v 254 93.00 165.00
v 253 91.00 151.00
v 252 82.00 144.00
v 251 75.00 142.00
v 250 65.00 145.00
v 249 80.00 126.00
v 248 68.00 119.00
v 247 56.00 113.00
v 246 48.00 104.00
v 245 37.00 103.00
v 244 33.00 451.00
v 243 43.00 445.00
v 242 54.00 438.00
v 241 56.00 398.00
v 240 85.00 349.00
v 239 73.00 240.00
v 238 92.00 242.00
v 237 96.00 237.00
v 236 123.00 194.00
v 235 132.00 184.00
v 234 139.00 175.00
v 233 151.00 28.00
v 232 67.00 92.00
v 231 72.00 100.00
v 230 35.00 63.00
v 229 42.00 65.00
v 228 42.00 60.00
v 227 197.00 67.00
v 226 202.00 68.00
v 225 202.00 127.00
v 224 86.00 288.00
v 223 62.00 337.00
v 222 57.00 348.00
v 221 68.00 351.00
v 220 77.00 352.00
v 219 109.00 358.00
v 218 136.00 372.00
v 217 27.00 449.00
v 216 16.00 459.00
v 215 23.00 477.00
v 214 33.00 480.00
v 213 43.00 474.00
v 212 84.00 433.00
v 211 92.00 440.00
v 210 96.00 435.00
v 209 104.00 427.00
v 208 114.00 432.00
v 207 78.00 406.00
v 206 88.00 400.00
v 205 54.00 327.00
v 204 52.00 313.00
v 203 203.00 343.00
v 202 124.00 203.00
v 201 145.00 177.00
v 200 151.00 177.00
v 199 34.00 196.00
v 198 81.00 110.00
v 197 8.00 83.00
v 196 14.00 73.00
v 195 25.00 61.00
v 194 18.00 42.00
v 193 5.00 32.00
v 192 12.00 23.00
v 191 198.00 446.00
v 190 189.00 451.00
v 189 147.00 410.00
v 188 158.00 404.00
v 187 156.00 397.00
v 186 143.00 368.00
v 185 101.00 296.00
v 184 11.00 234.00
v 183 29.00 172.00
v 182 51.00 198.00
v 181 56.00 202.00
v 180 96.00 183.00
v 179 152.00 131.00
v 178 167.00 127.00
v 177 174.00 119.00
v 176 164.00 112.00
v 175 157.00 106.00
v 174 149.00 95.00
v 173 146.00 51.00
v 172 135.00 71.00
v 171 101.00 97.00
v 170 99.00 93.00
v 169 178.00 169.00
v 168 181.00 161.00
v 167 214.00 230.00
v 166 224.00 234.00
v 165 229.00 241.00
v 164 228.00 208.00
v 163 226.00 192.00
v 162 219.00 180.00
v 161 219.00 172.00
v 160 223.00 171.00
v 159 228.00 158.00
v 158 218.00 144.00
v 157 217.00 128.00
v 156 208.00 81.00
v 155 198.00 89.00
v 154 189.00 100.00
v 153 175.00 64.00
v 152 162.00 65.00
v 151 151.00 77.00
v 150 143.00 77.00
v 149 196.00 19.00
v 148 158.00 20.00
v 147 148.00 13.00
v 146 113.00 27.00
v 145 99.00 28.00
v 144 75.00 34.00
v 143 67.00 23.00
v 142 45.00 34.00
v 141 56.00 86.00
v 140 128.00 229.00
v 139 112.00 305.00
v 138 104.00 307.00
v 137 145.00 322.00
v 136 151.00 356.00
v 135 163.00 354.00
v 134 199.00 341.00
v 133 181.00 439.00
v 132 177.00 449.00
v 131 167.00 444.00
v 130 154.00 446.00
v 129 147.00 447.00
v 128 106.00 485.00
v 127 93.00 481.00
v 126 94.00 475.00
v 125 147.00 313.00
v 124 112.00 120.00
v 123 136.00 104.00
v 122 145.00 134.00
v 121 101.00 173.00
v 120 127.00 157.00
v 119 139.00 157.00
v 118 147.00 159.00
v 117 155.00 159.00
v 116 166.00 165.00
v 115 182.00 201.00
v 114 176.00 210.00
v 113 167.00 213.00
v 112 157.00 211.00
v 111 151.00 224.00
v 110 147.00 227.00
v 109 155.00 240.00
v 108 161.00 250.00
v 107 158.00 263.00
v 106 118.00 224.00
v 105 119.00 218.00
v 104 126.00 393.00
v 103 128.00 403.00
v 102 117.00 404.00
v 101 102.00 393.00
v 100 96.00 392.00
v 99 96.00 379.00
v 98 211.00 425.00
v 97 213.00 449.00
v 96 203.00 455.00
v 95 217.00 478.00
v 94 226.00 482.00
v 93 228.00 473.00
v 92 229.00 367.00
v 91 186.00 387.00
v 90 204.00 376.00
v 89 191.00 368.00
v 88 195.00 302.00
v 87 188.00 306.00
v 86 177.00 316.00
v 85 6.00 127.00
v 84 12.00 140.00
v 83 16.00 148.00
v 82 27.00 149.00
v 81 37.00 155.00
v 80 171.00 389.00
v 79 178.00 370.00
v 78 135.00 391.00
v 77 119.00 382.00
v 76 106.00 370.00
v 75 82.00 379.00
v 74 45.00 391.00
v 73 9.00 352.00
v 72 17.00 341.00
v 71 46.00 332.00
v 70 24.00 308.00
v 69 22.00 201.00
v 68 24.00 194.00
v 67 132.00 87.00
v 66 125.00 65.00
v 65 177.00 23.00
v 64 166.00 27.00
v 63 115.00 92.00
v 62 127.00 97.00
v 61 84.00 123.00
v 60 98.00 126.00
v 59 108.00 130.00
v 58 62.00 136.00
v 57 54.00 144.00
v 56 42.00 150.00
v 55 52.00 168.00
v 54 65.00 69.00
v 53 73.00 69.00
v 52 81.00 70.00
v 51 105.00 60.00
v 50 95.00 48.00
v 49 102.00 43.00
v 48 114.00 42.00
v 47 121.00 45.00
v 46 122.00 40.00
v 45 131.00 39.00
v 44 141.00 40.00
v 43 182.00 22.00
v 42 185.00 20.00
v 41 191.00 25.00
v 40 98.00 325.00
v 39 108.00 322.00
v 38 112.00 343.00
v 37 122.00 345.00
v 36 131.00 350.00
v 35 143.00 357.00
v 34 162.00 324.00
v 33 157.00 314.00
v 32 209.00 340.00
v 31 213.00 340.00
v 30 229.00 333.00
v 29 216.00 281.00
v 28 203.00 280.00
v 27 200.00 276.00
v 26 204.00 273.00
v 25 149.00 261.00
v 24 137.00 221.00
v 23 133.00 208.00
v 22 42.00 185.00
v 21 43.00 173.00
v 20 33.00 171.00
v 19 119.00 292.00
v 18 120.00 280.00
v 17 115.00 271.00
v 16 102.00 272.00
v 15 96.00 272.00
v 14 96.00 285.00
v 13 72.00 311.00
v 12 65.00 315.00
v 11 41.00 305.00
v 10 64.00 251.00
v 9 63.00 232.00
v 8 50.00 231.00
v 7 48.00 227.00
v 6 44.00 213.00
v 5 34.00 213.00
v 4 21.00 222.00
v 3 6.00 222.00
v 2 18.00 178.00
v 1 8.00 148.00

l 240 507
l 107 506
l 344 505
l 207 504
l 287 503
l 501 502
l 500 501
l 175 500
l 52 499
l 49 499
l 18 498
l 465 497
l 118 496
l 201 496
l 279 495
l 76 494
l 490 493
l 274 492
l 413 491
l 409 490
l 39 489
l 181 488
l 487 488
l 424 486
l 300 485
l 163 484
l 418 484
l 242 483
l 481 482
l 196 481
l 424 480
l 479 480
l 450 479
l 354 478
l 433 477
l 52 476
l 474 475
l 36 474
l 349 473
l 365 473
l 365 472
l 278 471
l 301 470
l 299 470
l 294 469
l 415 468
l 357 468
l 145 467
l 77 466
l 310 465
l 137 464
l 380 463
l 274 462
l 461 462
l 272 461
l 298 460
l 214 459
l 436 459
l 297 458
l 304 458
l 382 457
l 191 456
l 98 456
l 454 455
l 453 454
l 140 453
l 25 453
l 273 452
l 224 451
l 380 451
l 438 450
l 115 449
l 320 448
l 399 447
l 88 446
l 28 446
l 168 445
l 444 445
l 421 444
l 92 443
l 441 442
l 2 441
l 247 440
l 439 440
l 438 439
l 436 437
l 213 436
l 271 436
l 434 435
l 337 434
l 29 433
l 280 433
l 63 432
l 51 432
l 146 431
l 430 431
l 393 429
l 191 428
l 427 428
l 425 426
l 397 426
l 72 425
l 197 424
l 143 423
l 351 423
l 42 422
l 354 421
l 160 420
l 158 420
l 419 420
l 418 419
l 161 418
l 11 417
l 416 417
l 414 415
l 241 415
l 207 414
l 386 413
l 412 413
l 242 411
l 214 411
l 310 410
l 332 409
l 240 408
l 219 408
l 161 407
l 403 406
l 405 406
l 145 406
l 404 405
l 146 403
l 239 402
l 185 401
l 400 401
l 352 399
l 376 398
l 374 398
l 259 397
l 73 397
l 356 396
l 208 396
l 394 395
l 278 395
l 393 394
l 392 393
l 391 392
l 95 391
l 390 391
l 389 390
l 387 388
l 71 387
l 385 386
l 208 386
l 384 385
l 129 384
l 156 383
l 382 383
l 159 382
l 380 381
l 346 381
l 379 380
l 66 378
l 376 377
l 370 376
l 125 376
l 290 375
l 370 374
l 180 373
l 282 372
l 173 372
l 171 371
l 369 370
l 125 370
l 27 369
l 87 369
l 28 369
l 367 368
l 348 367
l 348 366
l 365 366
l 364 365
l 184 364
l 215 363
l 361 362
l 216 362
l 243 361
l 97 360
l 337 360
l 358 359
l 269 359
l 222 358
l 242 357
l 356 357
l 212 356
l 63 355
l 178 354
l 154 354
l 352 353
l 122 353
l 288 352
l 145 351
l 350 351
l 8 349
l 348 349
l 263 348
l 11 347
l 70 347
l 283 346
l 135 345
l 79 345
l 133 344
l 279 343
l 278 343
l 342 343
l 277 343
l 129 342
l 313 341
l 340 341
l 56 340
l 148 339
l 80 338
l 316 338
l 316 337
l 336 337
l 92 336
l 92 335
l 90 335
l 157 334
l 167 333
l 164 333
l 103 332
l 189 332
l 188 331
l 330 331
l 80 330
l 187 330
l 289 329
l 181 328
l 327 328
l 326 327
l 325 326
l 324 325
l 323 324
l 202 323
l 322 323
l 235 322
l 111 321
l 320 321
l 107 320
l 319 320
l 318 319
l 317 318
l 26 317
l 315 316
l 91 316
l 191 315
l 133 315
l 127 314
l 251 313
l 22 313
l 254 313
l 250 313
l 74 312
l 311 312
l 310 311
l 309 310
l 308 309
l 307 308
l 306 307
l 305 306
l 294 304
l 303 304
l 284 302
l 238 302
l 239 302
l 114 301
l 300 301
l 299 300
l 298 299
l 167 298
l 226 297
l 296 297
l 295 296
l 153 296
l 294 295
l 282 295
l 293 294
l 149 293
l 52 292
l 171 292
l 291 292
l 54 291
l 231 291
l 141 290
l 288 289
l 253 289
l 59 288
l 230 287
l 142 287
l 286 287
l 194 286
l 285 286
l 283 284
l 10 283
l 151 282
l 88 281
l 28 281
l 280 281
l 30 280
l 31 280
l 96 279
l 95 279
l 277 278
l 276 277
l 275 276
l 128 275
l 126 274
l 273 274
l 272 273
l 271 272
l 212 271
l 269 270
l 74 270
l 268 269
l 267 268
l 266 267
l 219 266
l 220 266
l 32 265
l 79 265
l 89 265
l 263 264
l 262 263
l 261 262
l 260 261
l 259 260
l 258 259
l 70 258
l 200 257
l 256 257
l 115 256
l 156 255
l 121 254
l 253 254
l 252 253
l 251 252
l 250 251
l 57 250
l 58 250
l 58 249
l 61 249
l 248 249
l 247 248
l 246 247
l 245 246
l 197 245
l 217 244
l 243 244
l 242 243
l 241 242
l 74 241
l 138 240
l 220 240
l 238 239
l 10 239
l 9 239
l 237 238
l 105 237
l 235 236
l 202 236
l 234 235
l 119 234
l 201 234
l 44 233
l 148 233
l 231 232
l 141 232
l 198 231
l 195 230
l 229 230
l 228 229
l 226 227
l 156 226
l 168 225
l 158 225
l 106 224
l 14 224
l 12 224
l 222 223
l 205 223
l 221 222
l 220 221
l 219 220
l 37 219
l 76 219
l 186 218
l 216 217
l 215 216
l 214 215
l 213 214
l 212 213
l 211 212
l 210 211
l 209 210
l 208 209
l 207 208
l 206 207
l 100 206
l 71 205
l 204 205
l 12 204
l 11 204
l 134 203
l 32 203
l 201 202
l 23 202
l 200 201
l 118 200
l 112 200
l 68 199
l 22 199
l 61 198
l 197 198
l 196 197
l 195 196
l 194 195
l 193 194
l 192 193
l 96 191
l 190 191
l 132 190
l 188 189
l 130 189
l 187 188
l 103 187
l 77 186
l 35 186
l 14 185
l 138 185
l 8 184
l 3 184
l 7 184
l 20 183
l 3 183
l 181 182
l 22 182
l 180 181
l 121 180
l 122 179
l 178 179
l 121 179
l 177 178
l 119 178
l 118 178
l 176 177
l 175 176
l 174 175
l 151 174
l 173 174
l 172 173
l 44 173
l 66 172
l 150 172
l 63 171
l 170 171
l 168 169
l 116 169
l 115 168
l 167 168
l 166 167
l 165 166
l 164 165
l 163 164
l 162 163
l 161 162
l 160 161
l 159 160
l 158 159
l 157 158
l 156 157
l 155 156
l 154 155
l 153 154
l 152 153
l 151 152
l 150 151
l 67 150
l 41 149
l 147 148
l 64 148
l 48 147
l 48 146
l 145 146
l 144 145
l 143 144
l 142 143
l 141 142
l 106 140
l 24 140
l 138 139
l 15 139
l 39 138
l 125 138
l 34 137
l 39 137
l 36 137
l 125 137
l 35 136
l 135 136
l 134 135
l 79 134
l 80 133
l 132 133
l 131 132
l 130 131
l 129 130
l 128 129
l 127 128
l 126 127
l 33 125
l 59 124
l 62 123
l 122 123
l 121 122
l 120 121
l 119 120
l 118 119
l 117 118
l 116 117
l 115 116
l 114 115
l 113 114
l 112 113
l 111 112
l 110 111
l 24 110
l 109 110
l 108 109
l 107 108
l 25 107
l 17 107
l 16 106
l 105 106
l 103 104
l 77 104
l 78 104
l 76 103
l 102 103
l 101 102
l 100 101
l 99 100
l 75 99
l 97 98
l 96 97
l 95 96
l 94 95
l 93 94
l 92 93
l 91 92
l 90 91
l 80 91
l 89 90
l 30 89
l 87 88
l 31 88
l 32 88
l 86 87
l 84 85
l 1 84
l 1 83
l 82 83
l 81 82
l 56 81
l 79 80
l 78 79
l 77 78
l 76 77
l 75 76
l 74 75
l 73 74
l 72 73
l 71 72
l 70 71
l 10 70
l 5 69
l 68 69
l 20 68
l 66 67
l 62 67
l 44 66
l 43 65
l 64 65
l 62 63
l 61 62
l 49 62
l 60 61
l 59 60
l 58 59
l 57 58
l 56 57
l 20 56
l 20 55
l 53 54
l 52 53
l 51 52
l 50 51
l 49 50
l 48 49
l 47 48
l 46 47
l 45 46
l 44 45
l 43 44
l 42 43
l 41 42
l 39 40
l 38 39
l 37 38
l 36 37
l 35 36
l 34 35
l 33 34
l 32 33
l 31 32
l 30 31
l 29 30
l 28 29
l 27 28
l 26 27
l 19 26
l 17 25
l 24 25
l 23 24
l 8 23
l 9 23
l 6 22
l 21 22
l 20 21
l 18 19
l 17 18
l 16 17
l 15 16
l 14 15
l 13 14
l 12 13
l 11 12
l 10 11
l 9 10
l 8 9
l 7 8
l 6 7
l 5 6
l 4 5
l 3 4
l 2 3
l 1 2

k 453 98
k 353 507
k 470 506
k 224 412
k 505 343
k 504 260
k 293 82
k 408 478
k 282 439
k 362 5
k 133 187
k 222 503
k 372 345
k 148 199
k 235 116
k 109 366
k 453 290
k 66 268
k 502 323
k 56 255
k 292 498
k 76 498
k 383 497
k 409 179
k 470 495
k 145 57
k 485 303
k 325 211
k 494 272
k 482 294
k 168 17
k 224 35
k 493 237
k 358 492
k 345 477
k 57 370
k 491 368
k 376 490
k 238 369
k 253 404
k 7 190
k 269 292
k 46 273
k 489 487
k 468 290
k 258 43
k 486 426
k 485 383
k 399 321
k 424 349
k 226 32
k 472 198
k 262 483
k 267 386
k 7 72
k 482 438
k 109 478
k 246 434
k 477 409
k 167 135
k 112 476
k 475 472
k 314 400
k 41 382
k 10 202
k 391 250
k 174 26
k 471 424
k 470 421
k 401 190
k 34 461
k 469 406
k 248 69
k 69 90
k 62 456
k 311 68
k 173 283
k 63 467
k 456 466
k 440 151
k 53 399
k 465 20
k 464 116
k 463 49
k 127 460
k 425 105
k 184 278
k 170 457
k 317 169
k 235 279
k 154 456
k 25 146
k 455 452
k 380 68
k 354 97
k 58 450
k 261 374
k 189 349
k 404 383
k 449 10
k 396 448
k 447 343
k 265 301
k 83 297
k 405 443
k 442 438
k 54 361
k 3 215
k 437 321
k 435 430
k 429 20
k 384 427
k 223 346
k 212 401
k 352 16
k 143 359
k 22 424
k 148 423
k 422 421
k 255 162
k 194 416
k 347 69
k 112 327
k 342 273
k 280 132
k 210 116
k 120 412
k 358 214
k 387 410
k 363 52
k 409 312
k 186 189
k 65 99
k 49 233
k 407 73
k 241 18
k 79 404
k 403 91
k 54 402
k 146 400
k 399 114
k 58 98
k 398 397
k 217 389
k 388 264
k 311 95
k 344 365
k 95 91
k 264 379
k 10 378
k 230 14
k 377 46
k 375 374
k 373 233
k 371 184
k 125 5
k 263 336
k 368 315
k 363 4
k 217 277
k 137 355
k 17 350
k 346 221
k 81 239
k 346 345
k 344 107
k 339 56
k 339 254
k 102 254
k 40 334
k 138 192
k 40 106
k 334 30
k 329 314
k 230 305
k 247 303
k 283 290
k 184 285
k 284 282
k 281 279
k 278 28
k 264 255
k 224 195
k 216 228
k 227 218
k 217 192
k 191 170
k 169 60
k 149 141
k 114 126
k 125 23
k 124 105
k 78 74
k 98 86
k 85 45
k 80 64
k 63 55
k 54 41
k 40 20
k 19 1

