NbNoeuds: 1245
NbLiaison: 1638
NbCommodite: 500
Gamma: 99

v 1245 552.76 170.26
v 1244 1513.43 161.41
v 1243 540.93 152.55
v 1242 608.92 173.22
v 1241 508.42 161.41
v 1240 1613.93 149.59
v 1239 1631.67 155.50
v 1238 1229.66 793.24
v 1237 1489.78 2051.02
v 1236 1841.54 2036.25
v 1235 1838.58 2033.30
v 1234 901.55 170.26
v 1233 1560.72 173.22
v 1232 1164.63 1932.92
v 1231 543.89 2051.02
v 1230 1309.47 760.76
v 1229 1590.28 149.59
v 1228 549.80 167.31
v 1227 1841.54 170.26
v 1226 1498.65 170.26
v 1225 1501.60 173.22
v 1224 1055.26 1959.49
v 1223 591.18 2033.30
v 1222 635.52 2036.25
v 1221 910.42 161.40
v 1220 564.58 2036.25
v 1219 2057.32 1519.56
v 1218 1625.75 2051.02
v 1217 795.14 164.36
v 1216 1495.69 155.50
v 1215 591.18 2051.02
v 1214 532.07 2039.21
v 1213 532.07 155.50
v 1212 1528.21 2048.06
v 1211 1132.11 1935.87
v 1210 1519.34 2033.30
v 1209 1782.42 2048.06
v 1208 638.48 2033.30
v 1207 555.71 2051.02
v 1206 1608.02 2027.40
v 1205 561.62 155.50
v 1204 1078.91 772.58
v 1203 1075.95 769.62
v 1202 1073.00 766.67
v 1201 1043.44 743.05
v 1200 1610.97 2048.06
v 1199 1613.93 2051.02
v 1198 532.07 173.22
v 1197 1596.19 2051.02
v 1196 1569.59 164.36
v 1195 1563.68 170.26
v 1194 1513.43 2051.02
v 1193 1067.08 1929.96
v 1192 608.92 2039.21
v 1191 1019.79 778.48
v 1190 517.29 164.36
v 1189 514.33 161.41
v 1188 520.24 161.41
v 1187 1587.33 152.55
v 1186 1664.18 996.97
v 1185 614.83 2039.21
v 1184 582.32 2048.06
v 1183 1776.51 2042.16
v 1182 626.65 167.31
v 1181 1557.77 2048.06
v 1180 570.49 2036.25
v 1179 1534.12 152.55
v 1178 1531.16 149.59
v 1177 736.02 1741.00
v 1176 614.83 173.22
v 1175 901.55 2036.25
v 1174 620.74 155.50
v 1173 623.70 158.45
v 1172 1593.24 2036.25
v 1171 561.62 2039.21
v 1170 1217.84 781.43
v 1169 1578.46 161.41
v 1168 1891.79 2039.21
v 1167 1894.74 2030.35
v 1166 1859.27 170.26
v 1165 1853.36 170.26
v 1164 552.76 164.36
v 1163 1114.38 1912.25
v 1162 1554.81 2033.30
v 1161 1525.25 173.22
v 1160 1599.15 2036.25
v 1159 1593.24 152.55
v 1158 1596.19 149.59
v 1157 1537.08 2039.21
v 1156 549.80 2051.02
v 1155 1622.80 170.26
v 1154 540.93 2048.06
v 1153 644.39 2051.02
v 1152 1882.92 170.26
v 1151 1891.79 161.40
v 1150 1114.38 796.20
v 1149 1894.74 152.55
v 1148 1888.83 164.36
v 1147 1548.90 2039.21
v 1146 1608.02 161.41
v 1145 1610.97 158.45
v 1144 1625.75 167.31
v 1143 818.79 2042.16
v 1142 830.61 2048.06
v 1141 1531.16 2039.21
v 1140 1670.09 2048.06
v 1139 1037.53 748.96
v 1138 546.85 2048.06
v 1137 552.76 2048.06
v 1136 526.15 2051.02
v 1135 1495.69 2033.30
v 1134 1031.61 743.05
v 1133 626.65 149.59
v 1132 1513.43 173.22
v 1131 1516.38 170.26
v 1130 1489.78 2045.11
v 1129 1164.63 1968.35
v 1128 1519.34 2039.21
v 1127 1699.65 158.45
v 1126 1711.47 152.55
v 1125 629.61 152.55
v 1124 632.57 149.59
v 1123 635.52 152.55
v 1122 1593.24 2042.16
v 1121 1590.28 2039.21
v 1120 1566.64 167.31
v 1119 1501.60 2051.02
v 1118 718.29 2036.25
v 1117 564.58 158.45
v 1116 1489.78 167.31
v 1115 1563.68 2048.06
v 1114 617.79 1445.75
v 1113 608.92 2051.02
v 1112 585.27 2033.30
v 1111 1596.19 173.22
v 1110 611.88 2048.06
v 1109 1829.71 164.36
v 1108 1829.71 170.26
v 1107 520.24 2027.40
v 1106 520.24 2039.21
v 1105 579.36 2039.21
v 1104 579.36 2033.30
v 1103 576.40 2030.35
v 1102 567.54 2033.30
v 1101 543.89 2027.40
v 1100 1037.53 1924.06
v 1099 1596.19 2027.40
v 1098 638.48 173.22
v 1097 1492.74 2048.06
v 1096 1495.69 2051.02
v 1095 1628.71 158.45
v 1094 1587.33 2036.25
v 1093 1244.44 1929.96
v 1092 1238.53 1935.87
v 1091 543.89 2039.21
v 1090 555.71 2027.40
v 1089 981.36 775.53
v 1088 603.01 2051.02
v 1087 600.05 2048.06
v 1086 1031.61 1422.13
v 1085 1605.06 2036.25
v 1084 1602.11 2033.30
v 1083 635.52 164.36
v 1082 632.57 161.41
v 1081 1631.67 167.31
v 1080 1578.46 149.59
v 1079 1102.56 1953.58
v 1078 1519.34 155.50
v 1077 1516.38 158.45
v 1076 1513.43 155.50
v 1075 1516.38 152.55
v 1074 1513.43 149.59
v 1073 801.05 2048.06
v 1072 638.48 161.41
v 1071 1631.67 2045.11
v 1070 1622.80 2042.16
v 1069 1711.47 170.26
v 1068 1699.65 164.36
v 1067 1566.64 2027.40
v 1066 1563.68 2030.35
v 1065 1557.77 2030.35
v 1064 579.36 173.22
v 1063 617.79 164.36
v 1062 620.74 161.41
v 1061 623.70 164.36
v 1060 626.65 161.41
v 1059 620.74 2027.40
v 1058 537.98 155.50
v 1057 1019.79 725.34
v 1056 1049.35 1924.06
v 1055 1046.39 1921.11
v 1054 555.71 161.41
v 1053 1019.79 1953.58
v 1052 1049.35 1965.39
v 1051 523.20 2048.06
v 1050 520.24 2051.02
v 1049 520.24 2045.11
v 1048 543.89 173.22
v 1047 1528.21 170.26
v 1046 1531.16 167.31
v 1045 1528.21 164.36
v 1044 1537.08 149.59
v 1043 1542.99 149.59
v 1042 1537.08 2051.02
v 1041 1554.81 2045.11
v 1040 1551.85 2042.16
v 1039 1143.94 760.76
v 1038 1498.65 158.45
v 1037 1188.28 1047.16
v 1036 1185.32 1050.11
v 1035 1537.08 2033.30
v 1034 576.40 158.45
v 1033 1117.33 1909.30
v 1032 1114.38 1894.53
v 1031 783.32 170.26
v 1030 1572.55 173.22
v 1029 537.98 2027.40
v 1028 1891.79 2051.02
v 1027 1894.74 2048.06
v 1026 514.33 173.22
v 1025 1563.68 2036.25
v 1024 1214.88 1929.96
v 1023 1575.50 152.55
v 1022 1572.55 155.50
v 1021 644.39 167.31
v 1020 641.43 170.26
v 1019 638.48 167.31
v 1018 635.52 170.26
v 1017 632.57 167.31
v 1016 620.74 173.22
v 1015 623.70 170.26
v 1014 650.30 2051.02
v 1013 1590.28 2045.11
v 1012 1587.33 2048.06
v 1011 1590.28 2051.02
v 1010 830.61 152.55
v 1009 842.43 152.55
v 1008 1155.76 1870.91
v 1007 1179.41 796.20
v 1006 1628.71 164.36
v 1005 895.64 170.26
v 1004 889.73 164.36
v 1003 895.64 158.45
v 1002 889.73 152.55
v 1001 1590.28 173.22
v 1000 1516.38 2048.06
v 999 529.11 158.45
v 998 1315.38 796.20
v 997 517.29 158.45
v 996 514.33 155.50
v 995 511.37 158.45
v 994 0.00 0.00
v 993 1534.12 2036.25
v 992 1540.03 2048.06
v 991 1534.12 2048.06
v 990 1528.21 2042.16
v 989 1599.15 158.45
v 988 1581.41 158.45
v 987 1578.46 155.50
v 986 1179.41 996.97
v 985 1173.50 1002.87
v 984 1170.54 1005.83
v 983 529.11 164.36
v 982 999.10 1909.30
v 981 1046.39 1944.73
v 980 1061.17 1941.77
v 979 1070.04 1932.92
v 978 1049.35 1900.44
v 977 1138.03 1959.49
v 976 1569.59 170.26
v 975 644.39 155.50
v 974 860.17 170.26
v 973 848.35 170.26
v 972 848.35 164.36
v 971 842.43 158.45
v 970 830.61 170.26
v 969 818.79 164.36
v 968 1274.00 1953.58
v 967 1022.75 775.53
v 966 591.18 155.50
v 965 588.23 158.45
v 964 585.27 155.50
v 963 573.45 161.41
v 962 561.62 173.22
v 961 1519.34 173.22
v 960 508.42 2051.02
v 959 1746.95 2048.06
v 958 1752.86 2042.16
v 957 1800.15 2042.16
v 956 1811.98 2048.06
v 955 1504.56 2048.06
v 954 1498.65 2048.06
v 953 1859.27 152.55
v 952 1841.54 158.45
v 951 1823.80 158.45
v 950 608.92 2027.40
v 949 611.88 2030.35
v 948 1678.96 173.21
v 947 1676.00 164.36
v 946 1678.96 161.40
v 945 526.15 155.50
v 944 535.02 152.55
v 943 537.98 149.59
v 942 1176.45 751.91
v 941 1173.50 748.96
v 940 871.99 2036.25
v 939 877.91 2030.35
v 938 889.73 2030.35
v 937 526.15 167.31
v 936 529.11 170.26
v 935 1013.88 790.29
v 934 733.07 1749.86
v 933 576.40 1870.91
v 932 567.54 2027.40
v 931 564.58 2030.35
v 930 561.62 2027.40
v 929 558.67 2048.06
v 928 564.58 2048.06
v 927 1022.75 751.91
v 926 1507.52 2033.30
v 925 1504.56 2036.25
v 924 1206.01 1921.11
v 923 1073.00 1965.39
v 922 626.65 2039.21
v 921 783.32 2048.06
v 920 1545.94 2036.25
v 919 1575.50 2036.25
v 918 1581.41 2048.06
v 917 1572.55 2051.02
v 916 1575.50 2048.06
v 915 1548.90 2045.11
v 914 650.30 2039.21
v 913 1507.52 2039.21
v 912 1067.08 754.86
v 911 1049.35 760.76
v 910 1052.31 769.62
v 909 508.42 2045.11
v 908 511.37 2048.06
v 907 1522.30 170.26
v 906 523.20 2030.35
v 905 641.43 164.36
v 904 644.39 161.41
v 903 647.35 164.36
v 902 1610.97 152.55
v 901 1545.94 158.45
v 900 514.33 2051.02
v 899 517.29 2048.06
v 898 641.43 2048.06
v 897 1732.17 167.31
v 896 1723.30 170.26
v 895 1723.30 158.45
v 894 567.54 2039.21
v 893 1613.93 2045.11
v 892 1616.89 2048.06
v 891 1619.84 2051.02
v 890 1622.80 2048.06
v 889 1625.75 2045.11
v 888 1628.71 2042.16
v 887 1563.68 158.45
v 886 1602.11 161.41
v 885 535.02 158.45
v 884 907.47 164.36
v 883 1584.37 167.31
v 882 1291.73 1935.87
v 881 620.74 2039.21
v 880 1315.38 1882.72
v 879 600.05 152.55
v 878 603.01 149.59
v 877 605.96 152.55
v 876 608.92 149.59
v 875 611.88 152.55
v 874 614.83 149.59
v 873 617.79 152.55
v 872 620.74 149.59
v 871 623.70 152.55
v 870 638.48 155.50
v 869 641.43 158.45
v 868 1800.15 164.36
v 867 1811.98 170.26
v 866 1211.93 763.72
v 865 1206.01 769.62
v 864 1203.06 772.58
v 863 608.92 2033.30
v 862 611.88 2036.25
v 861 1291.73 731.24
v 860 1268.09 748.96
v 859 1262.18 754.86
v 858 1250.35 754.86
v 857 697.60 2039.21
v 856 718.29 2042.16
v 855 730.11 2048.06
v 854 1622.80 152.55
v 853 1625.75 155.50
v 852 1622.80 158.45
v 851 1619.84 161.41
v 850 1602.11 173.22
v 849 1605.06 170.26
v 848 626.65 2033.30
v 847 635.52 2030.35
v 846 1602.11 149.59
v 845 1560.72 149.59
v 844 1504.56 170.26
v 843 848.35 2048.06
v 842 981.36 1921.11
v 841 1090.73 1876.82
v 840 1078.91 1882.72
v 839 1075.95 1885.68
v 838 1070.04 1968.35
v 837 1025.70 1971.30
v 836 617.79 170.26
v 835 1584.37 2027.40
v 834 1563.68 2042.16
v 833 1513.43 2027.40
v 832 570.49 152.55
v 831 573.45 149.59
v 830 576.40 152.55
v 829 579.36 149.59
v 828 582.32 152.55
v 827 1871.09 164.36
v 826 1888.83 170.26
v 825 1891.79 173.21
v 824 1894.74 170.26
v 823 2104.61 232.26
v 822 1528.21 152.55
v 821 1764.68 170.26
v 820 1608.02 2033.30
v 819 546.85 2042.16
v 818 549.80 2045.11
v 817 1191.23 1959.49
v 816 1031.61 1906.34
v 815 860.17 2048.06
v 814 842.43 2036.25
v 813 688.73 2048.06
v 812 1093.69 775.53
v 811 1084.82 766.67
v 810 549.80 173.22
v 809 558.67 164.36
v 808 1560.72 167.31
v 807 1557.77 170.26
v 806 1554.81 167.31
v 805 1551.85 170.26
v 804 1548.90 167.31
v 803 1545.94 152.55
v 802 1548.90 149.59
v 801 1619.84 2033.30
v 800 1616.89 2036.25
v 799 1613.93 2033.30
v 798 1605.06 2042.16
v 797 537.98 2039.21
v 796 535.02 2042.16
v 795 532.07 2045.11
v 794 529.11 2042.16
v 793 532.07 2051.02
v 792 1619.84 167.31
v 791 1871.09 2042.16
v 790 1735.12 152.55
v 789 1735.12 164.36
v 788 1746.95 170.26
v 787 1752.86 164.36
v 786 1610.97 164.36
v 785 1590.28 161.41
v 784 1587.33 158.45
v 783 1572.55 161.41
v 782 1575.50 164.36
v 781 1542.99 161.41
v 780 1540.03 164.36
v 779 1537.08 167.31
v 778 1540.03 170.26
v 777 877.91 170.26
v 776 871.99 170.26
v 775 871.99 158.45
v 774 877.91 152.55
v 773 860.17 158.45
v 772 857.22 155.50
v 771 795.14 2042.16
v 770 1525.25 149.59
v 769 1522.30 152.55
v 768 1525.25 155.50
v 767 511.37 2036.25
v 766 508.42 2039.21
v 765 511.37 2042.16
v 764 514.33 2045.11
v 763 517.29 2042.16
v 762 526.15 2039.21
v 761 523.20 2042.16
v 760 526.15 2045.11
v 759 1587.33 170.26
v 758 1584.37 161.41
v 757 1581.41 170.26
v 756 638.48 2051.02
v 755 626.65 2051.02
v 754 573.45 1873.86
v 753 295.59 1968.35
v 752 567.54 2051.02
v 751 570.49 2042.16
v 750 573.45 2045.11
v 749 570.49 2030.35
v 748 1548.90 2027.40
v 747 1575.50 170.26
v 746 1572.55 167.31
v 745 1566.64 161.41
v 744 1557.77 164.36
v 743 1554.81 161.41
v 742 1235.57 775.53
v 741 1061.17 796.20
v 740 561.62 149.59
v 739 546.85 164.36
v 738 549.80 161.41
v 737 1090.73 754.86
v 736 1102.56 754.86
v 735 1510.47 170.26
v 734 1507.52 167.31
v 733 1519.34 161.41
v 732 1522.30 158.45
v 731 1525.25 161.41
v 730 1534.12 164.36
v 729 1537.08 161.41
v 728 605.96 2048.06
v 727 603.01 2045.11
v 726 647.35 2030.35
v 725 644.39 2027.40
v 724 741.93 1746.91
v 723 1584.37 2033.30
v 722 1584.37 2039.21
v 721 1578.46 2045.11
v 720 1575.50 2042.16
v 719 1572.55 2045.11
v 718 1569.59 2042.16
v 717 526.15 2027.40
v 716 529.11 2030.35
v 715 532.07 2027.40
v 714 535.02 2030.35
v 713 605.96 2036.25
v 712 591.18 2045.11
v 711 594.14 2048.06
v 710 576.40 1522.52
v 709 1049.35 778.48
v 708 1055.26 772.58
v 707 1025.70 754.86
v 706 1002.05 719.43
v 705 1037.53 719.43
v 704 694.64 164.36
v 703 697.60 161.40
v 702 718.29 158.45
v 701 718.29 164.36
v 700 1173.50 559.99
v 699 1176.45 562.95
v 698 1232.62 731.24
v 697 1545.94 170.26
v 696 1551.85 164.36
v 695 1548.90 161.41
v 694 1776.51 164.36
v 693 1590.28 167.31
v 692 561.62 167.31
v 691 1610.97 2042.16
v 690 1608.02 2045.11
v 689 1631.67 2033.30
v 688 1631.67 2039.21
v 687 1735.12 1746.91
v 686 1232.62 760.76
v 685 1235.57 763.72
v 684 1232.62 772.58
v 683 1220.79 778.48
v 682 1214.88 766.67
v 681 1208.97 754.86
v 680 1670.09 2036.25
v 679 907.47 170.26
v 678 910.42 173.21
v 677 913.38 170.26
v 676 913.38 152.55
v 675 529.11 152.55
v 674 526.15 149.59
v 673 597.10 2039.21
v 672 543.89 2045.11
v 671 540.93 2042.16
v 670 537.98 2045.11
v 669 535.02 2048.06
v 668 537.98 2051.02
v 667 650.30 161.41
v 666 688.73 170.26
v 665 694.64 170.26
v 664 697.60 173.21
v 663 1628.71 2048.06
v 662 1631.67 2051.02
v 661 1161.67 760.76
v 660 1501.60 155.50
v 659 1504.56 152.55
v 658 1510.47 164.36
v 657 1516.38 164.36
v 656 1513.43 167.31
v 655 1173.50 548.18
v 654 1531.16 173.22
v 653 1525.25 167.31
v 652 1522.30 164.36
v 651 1531.16 161.41
v 650 1528.21 158.45
v 649 1531.16 155.50
v 648 1229.66 1944.73
v 647 1232.62 1941.77
v 646 978.41 778.48
v 645 526.15 161.41
v 644 523.20 158.45
v 643 520.24 149.59
v 642 517.29 152.55
v 641 1578.46 2033.30
v 640 1581.41 2036.25
v 639 1572.55 2027.40
v 638 1569.59 2030.35
v 637 1557.77 2036.25
v 636 1560.72 2033.30
v 635 1551.85 2030.35
v 634 1551.85 2036.25
v 633 1545.94 2042.16
v 632 1522.30 2036.25
v 631 1519.34 2027.40
v 630 1522.30 1723.29
v 629 1569.59 1522.52
v 628 1185.32 1475.28
v 627 1608.02 173.22
v 626 1631.67 149.59
v 625 1628.71 152.55
v 624 1625.75 149.59
v 623 1619.84 149.59
v 622 1616.89 152.55
v 621 1619.84 155.50
v 620 1616.89 158.45
v 619 1608.02 155.50
v 618 614.83 155.50
v 617 611.88 158.45
v 616 608.92 155.50
v 615 605.96 158.45
v 614 603.01 155.50
v 613 600.05 158.45
v 612 591.18 167.31
v 611 1554.81 149.59
v 610 1542.99 155.50
v 609 1540.03 158.45
v 608 1537.08 155.50
v 607 1540.03 152.55
v 606 1746.95 158.45
v 605 1752.86 152.55
v 604 1764.68 152.55
v 603 1776.51 152.55
v 602 1782.42 152.55
v 601 1782.42 170.26
v 600 1149.85 1445.75
v 599 1510.47 2048.06
v 598 1507.52 2051.02
v 597 1519.34 2051.02
v 596 1525.25 2051.02
v 595 1531.16 2045.11
v 594 1534.12 2042.16
v 593 1537.08 2045.11
v 592 1540.03 2042.16
v 591 1542.99 2045.11
v 590 1545.94 2048.06
v 589 1542.99 2051.02
v 588 1551.85 2048.06
v 587 1557.77 2042.16
v 586 1560.72 2045.11
v 585 1566.64 2051.02
v 584 1569.59 2048.06
v 583 1566.64 2045.11
v 582 1581.41 2042.16
v 581 1584.37 2045.11
v 580 1587.33 2042.16
v 579 1590.28 2033.30
v 578 1587.33 2030.35
v 577 1602.11 2045.11
v 576 1599.15 2042.16
v 575 1596.19 2045.11
v 574 1593.24 2048.06
v 573 638.48 2027.40
v 572 641.43 2030.35
v 571 632.57 2039.21
v 570 620.74 2033.30
v 569 623.70 2036.25
v 568 603.01 2039.21
v 567 605.96 2042.16
v 566 608.92 2045.11
v 565 611.88 2042.16
v 564 614.83 2045.11
v 563 617.79 2042.16
v 562 617.79 2048.06
v 561 614.83 2051.02
v 560 537.98 167.31
v 559 543.89 161.41
v 558 546.85 158.45
v 557 549.80 155.50
v 556 567.54 161.41
v 555 570.49 164.36
v 554 573.45 173.22
v 553 1185.32 772.58
v 552 1191.23 766.67
v 551 1188.28 763.72
v 550 1185.32 754.86
v 549 1179.41 754.86
v 548 783.32 152.55
v 547 771.49 152.55
v 546 1531.16 2033.30
v 545 1501.60 2033.30
v 544 1271.04 1897.48
v 543 1291.73 1900.44
v 542 1185.32 1487.08
v 541 594.14 170.26
v 540 585.27 173.22
v 539 588.23 170.26
v 538 585.27 167.31
v 537 582.32 170.26
v 536 579.36 167.31
v 535 576.40 170.26
v 534 573.45 167.31
v 533 588.23 164.36
v 532 585.27 161.41
v 531 582.32 164.36
v 530 579.36 161.41
v 529 576.40 164.36
v 528 582.32 158.45
v 527 573.45 2027.40
v 526 579.36 2027.40
v 525 594.14 2042.16
v 524 597.10 2045.11
v 523 600.05 2042.16
v 522 603.01 2033.30
v 521 600.05 2036.25
v 520 597.10 2033.30
v 519 996.14 1906.34
v 518 984.32 1918.15
v 517 901.55 2048.06
v 516 1096.64 1959.49
v 515 1090.73 1953.58
v 514 1099.60 1927.01
v 513 1099.60 1932.92
v 512 1117.33 1932.92
v 511 1120.29 1929.96
v 510 1126.20 1918.15
v 509 1143.94 1906.34
v 508 1146.90 1909.30
v 507 585.27 2051.02
v 506 588.23 2048.06
v 505 635.52 2042.16
v 504 638.48 2039.21
v 503 644.39 2033.30
v 502 647.35 2036.25
v 501 650.30 2033.30
v 500 738.98 1956.54
v 499 1593.24 158.45
v 498 1572.55 149.59
v 497 1566.64 149.59
v 496 1569.59 152.55
v 495 1569.59 158.45
v 494 1522.30 2048.06
v 493 1525.25 2045.11
v 492 1522.30 2042.16
v 491 1525.25 2039.21
v 490 1519.34 1873.86
v 489 1327.20 1906.34
v 488 1309.47 1894.53
v 487 641.43 2042.16
v 486 632.57 2045.11
v 485 597.10 2027.40
v 484 594.14 2030.35
v 483 591.18 2027.40
v 482 588.23 2030.35
v 481 585.27 2027.40
v 480 508.42 2027.40
v 479 1279.91 1144.59
v 478 1244.44 748.96
v 477 1542.99 167.31
v 476 1545.94 164.36
v 475 1551.85 158.45
v 474 1548.90 155.50
v 473 1551.85 152.55
v 472 1557.77 152.55
v 471 1560.72 155.50
v 470 1560.72 161.41
v 469 1566.64 155.50
v 468 1132.11 743.05
v 467 1129.16 751.91
v 466 1126.20 754.86
v 465 818.79 152.55
v 464 508.42 2033.30
v 463 511.37 2030.35
v 462 1877.01 2036.25
v 461 1853.36 2048.06
v 460 1841.54 2048.06
v 459 1829.71 2048.06
v 458 1829.71 2042.16
v 457 1823.80 2036.25
v 456 1823.80 2030.35
v 455 1811.98 2030.35
v 454 1800.15 2030.35
v 453 1785.37 2027.40
v 452 1782.42 2030.35
v 451 1776.51 2030.35
v 450 1764.68 2030.35
v 449 1752.86 2030.35
v 448 1746.95 2036.25
v 447 1735.12 2042.16
v 446 1732.17 2045.11
v 445 1542.99 2039.21
v 444 1498.65 2036.25
v 443 1501.60 2039.21
v 442 1513.43 2045.11
v 441 1519.34 2045.11
v 440 1735.12 1953.58
v 439 1732.17 1956.54
v 438 1735.12 2030.35
v 437 1723.30 2048.06
v 436 1504.56 2030.35
v 435 1501.60 2027.40
v 434 1498.65 2030.35
v 433 1495.69 2027.40
v 432 1492.74 2030.35
v 431 1268.09 1900.44
v 430 1268.09 1929.96
v 429 1495.69 2039.21
v 428 1226.70 1002.87
v 427 608.92 1389.65
v 426 605.96 1398.51
v 425 529.11 1723.29
v 424 514.33 2027.40
v 423 517.29 2030.35
v 422 514.33 2033.30
v 421 517.29 2036.25
v 420 523.20 2036.25
v 419 526.15 2033.30
v 418 529.11 2036.25
v 417 535.02 2036.25
v 416 546.85 2030.35
v 415 549.80 2027.40
v 414 552.76 2030.35
v 413 549.80 2033.30
v 412 546.85 2036.25
v 411 555.71 2045.11
v 410 558.67 2042.16
v 409 561.62 2045.11
v 408 564.58 2042.16
v 407 567.54 2045.11
v 406 570.49 2048.06
v 405 1619.84 2039.21
v 404 1616.89 2042.16
v 403 1619.84 2045.11
v 402 1622.80 2036.25
v 401 1625.75 2033.30
v 400 1676.00 2042.16
v 399 1678.96 2039.21
v 398 1711.47 2048.06
v 397 1726.25 1749.86
v 396 1569.59 1870.91
v 395 1566.64 1873.86
v 394 1522.30 1870.91
v 393 1522.30 2030.35
v 392 1525.25 2033.30
v 391 1516.38 2030.35
v 390 1513.43 2033.30
v 389 1516.38 2036.25
v 388 1510.47 2030.35
v 387 1507.52 2027.40
v 386 647.35 2048.06
v 385 644.39 2045.11
v 384 647.35 2042.16
v 383 842.43 2030.35
v 382 857.22 2033.30
v 381 860.17 2036.25
v 380 871.99 2048.06
v 379 889.73 2042.16
v 378 895.64 2048.06
v 377 1028.66 1909.30
v 376 1043.44 1941.77
v 375 307.42 1490.04
v 374 656.21 1153.45
v 373 984.32 802.10
v 372 981.36 799.15
v 371 508.42 167.31
v 370 511.37 164.36
v 369 520.24 155.50
v 368 523.20 152.55
v 367 532.07 161.41
v 366 535.02 164.36
v 365 537.98 161.41
v 364 540.93 164.36
v 363 540.93 158.45
v 362 543.89 155.50
v 361 1492.74 164.36
v 360 1495.69 167.31
v 359 1492.74 170.26
v 358 1489.78 173.22
v 357 1590.28 2027.40
v 356 1593.24 2030.35
v 355 1596.19 2033.30
v 354 1599.15 2030.35
v 353 1602.11 2027.40
v 352 1605.06 2030.35
v 351 1610.97 2030.35
v 350 1613.93 2027.40
v 349 1616.89 2030.35
v 348 1619.84 2027.40
v 347 1622.80 2030.35
v 346 1625.75 2027.40
v 345 1628.71 2030.35
v 344 1631.67 2027.40
v 343 1652.36 2030.35
v 342 1676.00 2048.06
v 341 1678.96 2051.02
v 340 1877.01 2048.06
v 339 1882.92 2048.06
v 338 1882.92 2036.25
v 337 310.37 1487.08
v 336 537.98 1413.27
v 335 540.93 1410.32
v 334 659.17 1250.88
v 333 659.17 1156.40
v 332 1152.81 763.72
v 331 647.35 170.26
v 330 650.30 167.31
v 329 670.99 170.26
v 328 670.99 152.55
v 327 647.35 158.45
v 326 650.30 155.50
v 325 730.11 170.26
v 324 741.93 170.26
v 323 765.58 170.26
v 322 771.49 164.36
v 321 765.58 158.45
v 320 753.76 1416.22
v 319 579.36 2045.11
v 318 576.40 2042.16
v 317 573.45 2039.21
v 316 558.67 2036.25
v 315 561.62 2033.30
v 314 558.67 2030.35
v 313 552.76 2042.16
v 312 549.80 2039.21
v 311 540.93 2036.25
v 310 537.98 2033.30
v 309 540.93 2030.35
v 308 543.89 2033.30
v 307 1208.97 1912.25
v 306 688.73 2036.25
v 305 730.11 2030.35
v 304 736.02 1746.91
v 303 759.67 1398.51
v 302 1268.09 1156.40
v 301 600.05 164.36
v 300 617.79 1416.22
v 299 611.87 1422.13
v 298 608.92 1425.08
v 297 597.09 1413.27
v 296 617.79 2030.35
v 295 614.83 2027.40
v 294 614.83 2033.30
v 293 605.96 2030.35
v 292 603.01 2027.40
v 291 600.05 2030.35
v 290 585.27 2039.21
v 289 588.23 2042.16
v 288 585.27 2045.11
v 287 582.32 2042.16
v 286 582.32 2030.35
v 285 526.15 1873.86
v 284 529.11 1870.91
v 283 1028.66 1419.18
v 282 1031.61 1410.32
v 281 1108.47 1416.22
v 280 1031.61 1227.26
v 279 1516.38 2042.16
v 278 1513.43 2039.21
v 277 1510.47 2042.16
v 276 1507.52 2045.11
v 275 1504.56 2042.16
v 274 1501.60 2045.11
v 273 1498.65 2042.16
v 272 1495.69 2045.11
v 271 1492.74 2042.16
v 270 1247.40 1932.92
v 269 1250.35 1953.58
v 268 1271.04 1956.54
v 267 1114.38 1959.49
v 266 1093.69 1873.86
v 265 1090.73 1865.01
v 264 1002.05 1894.53
v 263 999.10 1897.48
v 262 981.36 1885.68
v 261 830.61 2030.35
v 260 818.79 2030.35
v 259 804.01 2027.40
v 258 801.05 2030.35
v 257 795.14 2030.35
v 256 783.32 2030.35
v 255 771.49 2030.35
v 254 765.58 2036.25
v 253 771.49 2042.16
v 252 765.58 2048.06
v 251 753.76 2042.16
v 250 741.93 2036.25
v 249 1164.63 1519.56
v 248 1676.00 170.26
v 247 1670.09 170.26
v 246 1652.36 170.26
v 245 1652.36 152.55
v 244 1625.75 161.41
v 243 1613.93 167.31
v 242 1608.02 167.31
v 241 1605.06 164.36
v 240 1605.06 158.45
v 239 1599.15 164.36
v 238 1596.19 161.41
v 237 1590.28 155.50
v 236 1584.37 149.59
v 235 1581.41 152.55
v 234 1575.50 158.45
v 233 1581.41 164.36
v 232 1578.46 167.31
v 231 1327.20 802.10
v 230 1271.04 787.34
v 229 1268.09 784.39
v 228 1262.18 784.39
v 227 1259.22 787.34
v 226 1238.53 778.48
v 225 1232.62 790.29
v 224 1232.62 802.10
v 223 1093.69 799.15
v 222 1090.73 796.20
v 221 1084.82 796.20
v 220 1081.86 799.15
v 219 1052.31 781.43
v 218 535.02 170.26
v 217 523.20 164.36
v 216 523.20 170.26
v 215 520.24 167.31
v 214 517.29 170.26
v 213 514.33 167.31
v 212 511.37 170.26
v 211 508.42 173.22
v 210 295.59 232.26
v 209 307.42 598.38
v 208 540.93 1221.36
v 207 753.76 1274.50
v 206 759.67 1274.50
v 205 762.63 1271.55
v 204 1034.57 1224.31
v 203 1149.85 1274.50
v 202 1152.81 1271.55
v 201 2054.36 1150.50
v 200 2054.36 1516.61
v 199 1888.83 2042.16
v 198 1888.83 2048.06
v 197 1871.09 2030.35
v 196 1859.27 2030.35
v 195 1853.36 2036.25
v 194 1729.21 1741.00
v 193 1729.21 1746.91
v 192 1525.25 2027.40
v 191 1528.21 2030.35
v 190 1531.16 2027.40
v 189 1534.12 2030.35
v 188 1537.08 2027.40
v 187 1540.03 2030.35
v 186 1542.99 2027.40
v 185 1545.94 2030.35
v 184 1542.99 2033.30
v 183 1548.90 2033.30
v 182 1566.64 2039.21
v 181 1569.59 2036.25
v 180 1566.64 2033.30
v 179 1578.46 2039.21
v 178 1572.55 2033.30
v 177 1575.50 2030.35
v 176 1578.46 2027.40
v 175 1581.41 2030.35
v 174 913.38 2030.35
v 173 910.42 2039.21
v 172 907.47 2042.16
v 171 907.47 2048.06
v 170 910.42 2051.02
v 169 913.38 2048.06
v 168 1161.67 1965.39
v 167 1167.59 1959.49
v 166 1167.59 1935.87
v 165 1179.41 1924.06
v 164 1203.06 1918.15
v 163 1188.28 1897.48
v 162 1185.32 1894.53
v 161 1185.32 1865.01
v 160 1282.87 1224.31
v 159 1279.91 1221.36
v 158 1661.22 999.92
v 157 608.92 167.31
v 156 611.88 170.26
v 155 614.83 167.31
v 154 629.61 164.36
v 153 626.65 155.50
v 152 629.61 158.45
v 151 632.57 155.50
v 150 635.52 158.45
v 149 638.48 149.59
v 148 641.43 152.55
v 147 644.39 149.59
v 146 647.35 152.55
v 145 650.30 149.59
v 144 730.11 152.55
v 143 741.93 158.45
v 142 753.76 152.55
v 141 753.76 164.36
v 140 750.80 167.31
v 139 1167.59 766.67
v 138 795.14 152.55
v 137 801.05 152.55
v 136 564.58 152.55
v 135 567.54 155.50
v 134 570.49 158.45
v 133 573.45 155.50
v 132 588.23 152.55
v 131 591.18 149.59
v 130 594.14 152.55
v 129 597.10 149.59
v 128 594.14 158.45
v 127 597.10 161.41
v 126 594.14 164.36
v 125 591.18 161.41
v 124 1149.85 996.97
v 123 1167.59 1150.50
v 122 1031.61 784.39
v 121 537.98 173.22
v 120 546.85 170.26
v 119 543.89 167.31
v 118 540.93 170.26
v 117 567.54 173.22
v 116 570.49 170.26
v 115 567.54 167.31
v 114 564.58 170.26
v 113 558.67 170.26
v 112 555.71 173.22
v 111 561.62 161.41
v 110 564.58 164.36
v 109 558.67 158.45
v 108 555.71 155.50
v 107 552.76 158.45
v 106 558.67 152.55
v 105 555.71 149.59
v 104 552.76 152.55
v 103 549.80 149.59
v 102 804.01 149.59
v 101 1495.69 161.41
v 100 1492.74 158.45
v 99 1501.60 167.31
v 98 1498.65 164.36
v 97 1501.60 161.41
v 96 1504.56 164.36
v 95 1507.52 161.41
v 94 1510.47 158.45
v 93 1507.52 155.50
v 92 1510.47 152.55
v 91 1507.52 149.59
v 90 603.01 173.22
v 89 1114.38 766.67
v 88 1105.51 787.34
v 87 1108.47 790.29
v 86 1114.38 784.39
v 85 1129.16 787.34
v 84 1167.59 796.20
v 83 1599.15 170.26
v 82 1602.11 167.31
v 81 1593.24 170.26
v 80 1596.19 167.31
v 79 1593.24 164.36
v 78 1602.11 155.50
v 77 1605.06 152.55
v 76 1608.02 149.59
v 75 1785.37 149.59
v 74 1800.15 152.55
v 73 1811.98 152.55
v 72 1823.80 152.55
v 71 1853.36 158.45
v 70 1871.09 152.55
v 69 1877.01 158.45
v 68 1882.92 158.45
v 67 1096.64 778.48
v 66 1049.35 784.39
v 65 1034.57 787.34
v 64 1034.57 799.15
v 63 750.80 1271.55
v 62 611.87 1227.26
v 61 594.14 1244.98
v 60 582.32 1274.50
v 59 582.32 1392.60
v 58 594.14 1410.32
v 57 614.83 161.41
v 56 611.88 164.36
v 55 608.92 161.41
v 54 605.96 164.36
v 53 603.01 161.41
v 52 605.96 170.26
v 51 603.01 167.31
v 50 600.05 170.26
v 49 597.10 167.31
v 48 591.18 173.22
v 47 1117.33 763.72
v 46 1138.03 778.48
v 45 1132.11 784.39
v 44 1182.37 994.01
v 43 1164.63 799.15
v 42 2057.32 1147.55
v 41 1268.09 1244.98
v 40 1271.04 1247.93
v 39 1294.69 1885.68
v 38 1294.69 1897.48
v 37 1167.59 1516.61
v 36 1185.32 1646.52
v 35 1188.28 1649.47
v 34 753.76 2030.35
v 33 750.80 2045.11
v 32 741.93 2048.06
v 31 697.60 2051.02
v 30 694.64 2048.06
v 29 694.64 2042.16
v 28 670.99 2048.06
v 27 670.99 2030.35
v 26 650.30 2027.40
v 25 741.93 1953.58
v 24 632.57 2027.40
v 23 629.61 2030.35
v 22 626.65 2027.40
v 21 623.70 2030.35
v 20 629.61 2042.16
v 19 626.65 2045.11
v 18 623.70 2042.16
v 17 620.74 2045.11
v 16 629.61 2048.06
v 15 638.48 2045.11
v 14 635.52 2048.06
v 13 1149.85 766.67
v 12 1155.76 784.39
v 11 1613.93 976.30
v 10 1610.97 973.35
v 9 1664.18 778.48
v 8 1610.97 548.18
v 7 1613.93 173.22
v 6 1610.97 170.26
v 5 1613.93 161.41
v 4 1616.89 164.36
v 3 1625.75 173.22
v 2 1628.71 170.26
v 1 1622.80 164.36

l 810 1245
l 1077 1244
l 943 1243
l 52 1242
l 371 1241
l 622 1240
l 1095 1239
l 224 1238
l 1097 1237
l 460 1236
l 1235 1236
l 679 1234
l 1005 1234
l 807 1233
l 166 1232
l 669 1231
l 1138 1231
l 998 1230
l 1187 1229
l 120 1228
l 952 1227
l 99 1226
l 1225 1226
l 838 1224
l 482 1223
l 1208 1222
l 676 1221
l 315 1220
l 200 1219
l 890 1218
l 138 1217
l 100 1216
l 711 1215
l 796 1214
l 885 1213
l 595 1212
l 511 1211
l 389 1210
l 1183 1209
l 847 1208
l 1137 1207
l 1085 1206
l 109 1205
l 1203 1204
l 811 1204
l 812 1204
l 1202 1203
l 912 1202
l 1134 1201
l 690 1200
l 1199 1200
l 218 1198
l 576 1197
l 745 1196
l 1120 1196
l 1120 1195
l 1000 1194
l 979 1193
l 567 1192
l 967 1191
l 935 1191
l 1188 1190
l 1189 1190
l 370 1189
l 217 1188
l 236 1187
l 158 1186
l 563 1185
l 319 1184
l 452 1183
l 451 1183
l 1015 1182
l 586 1181
l 1102 1180
l 1178 1179
l 822 1178
l 304 1177
l 836 1176
l 938 1175
l 1173 1174
l 153 1173
l 355 1172
l 316 1171
l 410 1171
l 683 1170
l 233 1169
l 199 1168
l 1167 1168
l 1165 1166
l 71 1165
l 738 1164
l 1033 1163
l 637 1162
l 907 1161
l 1084 1160
l 499 1159
l 1158 1159
l 846 1158
l 594 1157
l 592 1157
l 1137 1156
l 1144 1155
l 3 1155
l 672 1154
l 386 1153
l 826 1152
l 1149 1151
l 1148 1151
l 124 1150
l 87 1150
l 69 1149
l 1148 1149
l 68 1148
l 825 1148
l 634 1147
l 1040 1147
l 1145 1146
l 786 1146
l 619 1145
l 1 1144
l 2 1144
l 260 1143
l 1142 1143
l 492 1141
l 990 1141
l 342 1140
l 1134 1139
l 911 1139
l 1137 1138
l 672 1138
l 818 1137
l 1051 1136
l 432 1135
l 1057 1134
l 1125 1133
l 871 1133
l 1131 1132
l 656 1131
l 961 1131
l 271 1130
l 168 1129
l 279 1128
l 1068 1127
l 1126 1127
l 1124 1125
l 151 1125
l 1123 1124
l 149 1123
l 576 1122
l 580 1121
l 976 1120
l 954 1119
l 856 1118
l 110 1117
l 135 1117
l 360 1116
l 583 1115
l 710 1114
l 299 1114
l 298 1114
l 727 1113
l 482 1112
l 81 1111
l 759 1111
l 564 1110
l 951 1109
l 1108 1109
l 423 1107
l 906 1107
l 418 1106
l 1104 1105
l 287 1105
l 1103 1104
l 527 1103
l 526 1103
l 317 1102
l 749 1102
l 309 1101
l 416 1101
l 377 1100
l 354 1099
l 356 1099
l 1018 1098
l 1096 1097
l 272 1097
l 954 1096
l 853 1095
l 579 1094
l 1092 1093
l 270 1093
l 647 1092
l 312 1091
l 314 1090
l 414 1090
l 216 1089
l 646 1089
l 1087 1088
l 524 1087
l 283 1086
l 820 1085
l 1084 1085
l 352 1084
l 1082 1083
l 870 1083
l 154 1082
l 246 1081
l 2 1081
l 235 1080
l 516 1079
l 513 1079
l 267 1079
l 732 1078
l 1077 1078
l 1076 1077
l 1075 1076
l 1074 1075
l 92 1074
l 771 1073
l 905 1072
l 663 1071
l 888 1071
l 889 1070
l 403 1070
l 896 1069
l 1068 1069
l 248 1068
l 946 1068
l 1066 1067
l 638 1067
l 1065 1066
l 635 1065
l 537 1064
l 57 1063
l 1062 1063
l 1061 1062
l 1060 1061
l 21 1059
l 363 1058
l 885 1058
l 364 1058
l 706 1057
l 376 1056
l 1055 1056
l 809 1054
l 837 1053
l 837 1052
l 376 1052
l 760 1051
l 1050 1051
l 763 1049
l 761 1049
l 762 1049
l 737 1048
l 120 1048
l 654 1047
l 1046 1047
l 1045 1046
l 651 1045
l 1043 1044
l 607 1044
l 803 1043
l 992 1042
l 587 1041
l 1040 1041
l 915 1040
l 13 1039
l 97 1038
l 660 1038
l 1036 1037
l 984 1037
l 123 1036
l 187 1035
l 963 1034
l 133 1034
l 529 1034
l 511 1033
l 1032 1033
l 510 1033
l 266 1032
l 322 1031
l 747 1030
l 714 1029
l 309 1029
l 198 1028
l 1027 1028
l 214 1026
l 180 1025
l 648 1024
l 924 1024
l 1022 1023
l 234 1022
l 1020 1021
l 330 1021
l 331 1021
l 1019 1020
l 1018 1019
l 1017 1018
l 154 1017
l 1015 1016
l 836 1016
l 30 1014
l 386 1014
l 580 1013
l 1012 1013
l 1011 1012
l 465 1010
l 1009 1010
l 971 1009
l 161 1008
l 84 1007
l 244 1006
l 1004 1005
l 884 1005
l 1003 1004
l 1002 1003
l 774 1002
l 759 1001
l 597 1000
l 442 1000
l 945 999
l 231 998
l 369 997
l 996 997
l 995 996
l 210 994
l 546 993
l 592 992
l 991 992
l 595 991
l 493 990
l 595 990
l 238 989
l 78 989
l 987 988
l 235 987
l 985 986
l 44 986
l 984 985
l 124 984
l 645 983
l 367 983
l 518 982
l 377 982
l 519 982
l 980 981
l 376 981
l 979 980
l 838 979
l 816 979
l 978 979
l 816 978
l 267 977
l 168 977
l 746 976
l 327 975
l 869 975
l 973 974
l 776 974
l 773 974
l 972 973
l 971 972
l 772 972
l 970 971
l 969 970
l 465 969
l 270 968
l 268 968
l 936 967
l 122 967
l 128 966
l 965 966
l 964 965
l 533 964
l 528 964
l 555 963
l 529 963
l 113 962
l 732 961
l 908 960
l 437 959
l 958 959
l 448 958
l 455 957
l 956 957
l 454 957
l 599 955
l 954 955
l 274 954
l 70 953
l 71 953
l 71 952
l 951 952
l 73 951
l 293 950
l 949 950
l 295 949
l 248 948
l 821 948
l 946 947
l 248 947
l 245 946
l 644 945
l 368 945
l 885 944
l 943 944
l 363 943
l 549 942
l 941 942
l 552 941
l 939 940
l 381 940
l 938 939
l 379 938
l 936 937
l 217 937
l 216 937
l 935 936
l 373 935
l 933 934
l 304 934
l 22 933
l 754 933
l 931 932
l 749 932
l 930 931
l 314 930
l 818 929
l 409 929
l 409 928
l 707 927
l 925 926
l 388 926
l 164 924
l 817 924
l 515 923
l 838 923
l 514 923
l 18 922
l 253 921
l 184 920
l 178 919
l 582 918
l 917 918
l 721 918
l 916 917
l 719 916
l 588 915
l 633 915
l 384 914
l 27 914
l 277 913
l 911 912
l 910 911
l 708 910
l 766 909
l 908 909
l 765 909
l 653 907
l 420 906
l 717 906
l 419 906
l 904 905
l 903 904
l 667 903
l 619 902
l 76 902
l 780 901
l 610 901
l 781 901
l 899 900
l 764 899
l 756 898
l 385 898
l 789 897
l 896 897
l 895 896
l 410 894
l 751 894
l 404 893
l 691 893
l 891 892
l 403 892
l 890 891
l 889 890
l 888 889
l 688 888
l 469 887
l 471 887
l 239 886
l 241 886
l 365 885
l 678 884
l 676 884
l 757 883
l 430 882
l 18 881
l 39 880
l 488 880
l 878 879
l 614 879
l 616 879
l 129 879
l 877 878
l 876 877
l 875 876
l 874 875
l 873 874
l 872 873
l 871 872
l 55 871
l 869 870
l 150 870
l 148 869
l 74 868
l 867 868
l 681 866
l 865 866
l 682 866
l 864 865
l 552 864
l 862 863
l 713 863
l 860 861
l 859 860
l 858 859
l 478 858
l 856 857
l 29 857
l 855 856
l 32 855
l 624 854
l 853 854
l 852 853
l 621 852
l 244 852
l 621 851
l 5 851
l 4 851
l 620 851
l 849 850
l 82 849
l 23 848
l 573 847
l 24 847
l 499 846
l 77 846
l 497 845
l 472 845
l 99 844
l 815 843
l 382 842
l 518 842
l 266 841
l 840 841
l 839 840
l 838 839
l 837 838
l 174 837
l 155 836
l 175 835
l 578 835
l 586 834
l 583 834
l 391 833
l 387 833
l 388 833
l 136 832
l 831 832
l 135 832
l 830 831
l 829 830
l 828 829
l 132 828
l 826 827
l 70 826
l 825 826
l 824 825
l 823 824
l 601 823
l 770 822
l 649 822
l 787 821
l 799 820
l 351 820
l 672 819
l 818 819
l 313 818
l 167 817
l 269 817
l 377 816
l 266 816
l 383 815
l 380 815
l 383 814
l 28 813
l 30 813
l 67 812
l 811 812
l 737 811
l 120 810
l 737 810
l 111 809
l 119 809
l 807 808
l 744 808
l 806 807
l 805 806
l 804 805
l 697 804
l 696 804
l 802 803
l 610 803
l 75 802
l 473 802
l 348 801
l 800 801
l 349 801
l 799 800
l 404 800
l 404 799
l 691 799
l 577 798
l 690 798
l 796 797
l 417 797
l 670 796
l 795 796
l 794 795
l 760 794
l 669 793
l 760 793
l 4 792
l 340 791
l 196 791
l 789 790
l 788 789
l 787 788
l 604 787
l 620 786
l 242 786
l 5 786
l 784 785
l 80 785
l 238 785
l 693 785
l 237 784
l 234 783
l 782 783
l 498 783
l 746 782
l 780 781
l 476 781
l 779 780
l 729 780
l 778 779
l 654 778
l 684 777
l 776 777
l 700 777
l 775 776
l 774 775
l 773 774
l 772 773
l 257 771
l 253 771
l 769 770
l 768 769
l 651 769
l 650 769
l 732 768
l 464 767
l 421 767
l 766 767
l 765 766
l 764 765
l 763 764
l 418 763
l 761 762
l 417 762
l 760 761
l 693 759
l 758 759
l 233 758
l 233 757
l 232 757
l 755 756
l 487 756
l 14 756
l 16 755
l 485 754
l 22 754
l 284 754
l 480 753
l 406 752
l 750 751
l 407 751
l 318 750
l 527 749
l 318 749
l 185 748
l 635 748
l 183 748
l 232 747
l 746 747
l 745 746
l 498 746
l 744 745
l 495 745
l 743 744
l 470 744
l 696 743
l 226 742
l 684 742
l 685 742
l 66 741
l 136 740
l 107 740
l 106 740
l 738 739
l 559 739
l 119 738
l 121 737
l 736 737
l 89 736
l 734 735
l 99 735
l 658 734
l 732 733
l 657 733
l 731 732
l 652 731
l 651 730
l 729 730
l 610 729
l 609 729
l 727 728
l 567 727
l 523 727
l 501 726
l 725 726
l 26 726
l 572 725
l 304 724
l 542 724
l 175 723
l 582 722
l 640 722
l 720 721
l 582 721
l 719 720
l 585 719
l 718 719
l 182 718
l 716 717
l 285 717
l 715 716
l 714 715
l 310 714
l 522 713
l 711 712
l 525 712
l 506 711
l 298 710
l 425 710
l 708 709
l 219 709
l 707 708
l 706 707
l 705 706
l 703 704
l 665 704
l 702 703
l 701 702
l 325 701
l 699 700
l 684 700
l 655 700
l 698 699
l 478 698
l 696 697
l 477 697
l 695 696
l 475 695
l 601 694
l 603 694
l 81 693
l 114 692
l 690 691
l 355 690
l 688 689
l 345 689
l 343 688
l 196 687
l 193 687
l 200 687
l 478 686
l 685 686
l 684 685
l 683 684
l 682 683
l 681 682
l 137 681
l 400 680
l 678 679
l 655 678
l 677 678
l 676 677
l 361 676
l 674 675
l 366 675
l 368 674
l 523 673
l 525 673
l 671 672
l 311 672
l 670 671
l 669 670
l 668 669
l 327 667
l 665 666
l 329 666
l 664 665
l 332 664
l 661 664
l 343 663
l 662 663
l 139 661
l 332 661
l 659 660
l 100 660
l 91 659
l 95 658
l 657 658
l 656 657
l 655 656
l 654 655
l 653 654
l 652 653
l 651 652
l 650 651
l 649 650
l 269 648
l 647 648
l 431 647
l 372 646
l 215 646
l 217 645
l 644 645
l 369 644
l 368 643
l 642 643
l 175 641
l 640 641
l 177 640
l 177 639
l 638 639
l 180 638
l 180 637
l 636 637
l 635 636
l 183 635
l 633 634
l 183 634
l 445 633
l 591 633
l 392 632
l 445 632
l 391 631
l 490 631
l 393 631
l 629 630
l 394 630
l 396 630
l 42 629
l 542 628
l 600 628
l 6 627
l 8 627
l 604 626
l 625 626
l 245 626
l 624 625
l 623 624
l 622 623
l 621 622
l 620 621
l 619 620
l 617 618
l 616 617
l 615 616
l 614 615
l 613 614
l 128 613
l 301 613
l 127 613
l 539 612
l 541 612
l 473 611
l 75 611
l 475 610
l 609 610
l 608 609
l 607 608
l 605 606
l 604 605
l 603 604
l 602 603
l 601 602
l 75 602
l 74 602
l 8 601
l 74 601
l 281 600
l 542 600
l 598 599
l 276 599
l 597 598
l 596 597
l 494 596
l 494 595
l 594 595
l 593 594
l 592 593
l 591 592
l 590 591
l 589 590
l 588 589
l 587 588
l 586 587
l 585 586
l 584 585
l 583 584
l 182 583
l 581 582
l 179 582
l 580 581
l 579 580
l 578 579
l 357 578
l 577 578
l 576 577
l 575 576
l 574 575
l 572 573
l 25 573
l 571 572
l 20 571
l 569 570
l 21 570
l 568 569
l 523 568
l 567 568
l 566 567
l 565 566
l 564 565
l 563 564
l 17 563
l 17 562
l 561 562
l 366 560
l 218 560
l 118 560
l 558 559
l 364 559
l 362 558
l 557 558
l 362 557
l 107 557
l 555 556
l 110 556
l 135 556
l 554 555
l 115 555
l 535 554
l 47 554
l 332 553
l 552 553
l 551 552
l 550 551
l 549 550
l 139 549
l 102 548
l 547 548
l 138 548
l 142 547
l 321 547
l 191 546
l 444 545
l 434 545
l 431 544
l 543 544
l 37 543
l 38 543
l 161 543
l 37 542
l 40 542
l 49 541
l 48 541
l 540 541
l 539 540
l 538 539
l 537 538
l 536 537
l 535 536
l 534 535
l 301 534
l 532 533
l 125 533
l 531 532
l 530 531
l 529 530
l 528 529
l 526 527
l 286 526
l 289 525
l 524 525
l 523 524
l 522 523
l 521 522
l 520 521
l 291 520
l 518 519
l 263 519
l 378 518
l 171 517
l 378 517
l 171 516
l 515 516
l 514 515
l 513 514
l 512 513
l 511 512
l 165 511
l 510 511
l 509 510
l 508 509
l 506 507
l 288 506
l 504 505
l 15 505
l 486 505
l 503 504
l 502 503
l 501 502
l 27 501
l 26 501
l 385 501
l 305 500
l 25 500
l 238 499
l 78 499
l 235 498
l 497 498
l 496 497
l 469 496
l 469 495
l 493 494
l 492 493
l 491 492
l 444 491
l 489 490
l 394 490
l 393 490
l 488 489
l 38 488
l 15 487
l 385 487
l 20 486
l 16 486
l 291 485
l 484 485
l 483 484
l 482 483
l 481 482
l 286 481
l 336 480
l 463 480
l 43 479
l 302 479
l 477 478
l 230 478
l 476 477
l 231 477
l 475 476
l 474 475
l 473 474
l 472 473
l 471 472
l 470 471
l 469 470
l 50 468
l 467 468
l 466 467
l 47 466
l 102 465
l 463 464
l 424 463
l 197 462
l 338 462
l 195 461
l 460 461
l 459 460
l 458 459
l 457 458
l 456 457
l 455 456
l 439 455
l 454 455
l 453 454
l 452 453
l 451 452
l 450 451
l 449 450
l 448 449
l 447 448
l 438 447
l 446 447
l 437 446
l 444 445
l 191 445
l 190 445
l 429 444
l 443 444
l 277 443
l 273 443
l 275 443
l 276 443
l 277 442
l 279 442
l 441 442
l 439 440
l 438 439
l 437 438
l 398 437
l 387 436
l 435 436
l 434 435
l 433 434
l 432 433
l 431 432
l 430 431
l 270 430
l 271 429
l 44 428
l 123 428
l 60 427
l 426 427
l 58 426
l 206 426
l 424 425
l 335 425
l 285 425
l 284 425
l 423 424
l 285 424
l 422 423
l 421 422
l 420 421
l 419 420
l 418 419
l 417 418
l 310 417
l 308 416
l 415 416
l 414 415
l 413 414
l 311 413
l 412 413
l 313 412
l 313 411
l 410 411
l 409 410
l 408 409
l 407 408
l 406 407
l 404 405
l 403 404
l 402 403
l 401 402
l 347 401
l 342 400
l 399 400
l 398 399
l 193 398
l 194 397
l 396 397
l 193 397
l 395 396
l 394 395
l 393 394
l 192 393
l 392 393
l 391 392
l 390 391
l 389 390
l 388 389
l 387 388
l 38 387
l 385 386
l 28 386
l 384 385
l 262 383
l 382 383
l 261 383
l 381 382
l 380 381
l 379 380
l 378 379
l 377 378
l 376 377
l 337 375
l 333 374
l 373 374
l 372 373
l 214 372
l 212 371
l 370 371
l 369 370
l 368 369
l 367 368
l 366 367
l 365 366
l 364 365
l 363 364
l 118 364
l 362 363
l 106 362
l 101 361
l 360 361
l 359 360
l 358 359
l 356 357
l 355 356
l 354 355
l 353 354
l 352 353
l 351 352
l 350 351
l 349 350
l 348 349
l 347 348
l 346 347
l 345 346
l 344 345
l 343 344
l 342 343
l 341 342
l 340 341
l 339 340
l 198 339
l 199 338
l 336 337
l 335 336
l 59 335
l 63 334
l 60 334
l 62 334
l 122 333
l 62 333
l 64 333
l 65 333
l 13 332
l 331 332
l 330 331
l 329 330
l 328 329
l 327 328
l 326 327
l 145 326
l 144 325
l 324 325
l 140 324
l 143 324
l 141 323
l 139 323
l 322 323
l 321 322
l 138 321
l 280 320
l 303 320
l 287 319
l 318 319
l 317 318
l 316 317
l 315 316
l 314 315
l 313 314
l 312 313
l 311 312
l 310 311
l 309 310
l 308 309
l 164 307
l 29 306
l 305 306
l 250 305
l 27 305
l 25 304
l 283 304
l 284 303
l 206 303
l 205 302
l 158 302
l 159 302
l 123 302
l 49 301
l 53 301
l 127 301
l 299 300
l 298 299
l 297 298
l 58 297
l 206 297
l 295 296
l 294 295
l 21 294
l 293 294
l 292 293
l 291 292
l 290 291
l 289 290
l 288 289
l 287 288
l 286 287
l 285 286
l 284 285
l 283 284
l 282 283
l 281 282
l 203 281
l 204 280
l 278 279
l 277 278
l 276 277
l 275 276
l 274 275
l 273 274
l 272 273
l 271 272
l 270 271
l 269 270
l 268 269
l 170 268
l 167 267
l 266 267
l 265 266
l 264 265
l 263 264
l 262 263
l 261 262
l 260 261
l 259 260
l 35 259
l 258 259
l 257 258
l 256 257
l 34 256
l 255 256
l 254 255
l 253 254
l 252 253
l 251 252
l 34 251
l 33 251
l 249 250
l 32 250
l 37 249
l 36 249
l 247 248
l 246 247
l 245 246
l 244 245
l 1 244
l 4 243
l 242 243
l 6 243
l 241 242
l 6 242
l 82 241
l 240 241
l 239 240
l 78 240
l 79 239
l 80 239
l 79 238
l 237 238
l 236 237
l 235 236
l 234 235
l 233 234
l 232 233
l 231 232
l 230 231
l 10 231
l 229 230
l 10 230
l 228 229
l 227 228
l 226 227
l 225 226
l 224 225
l 12 224
l 88 223
l 222 223
l 221 222
l 220 221
l 66 220
l 66 219
l 122 219
l 121 218
l 217 218
l 216 217
l 215 216
l 214 215
l 213 214
l 212 213
l 211 212
l 210 211
l 209 210
l 208 209
l 61 208
l 63 207
l 206 207
l 205 206
l 204 205
l 203 204
l 202 203
l 41 202
l 200 201
l 42 201
l 199 200
l 198 199
l 197 198
l 196 197
l 195 196
l 194 195
l 193 194
l 192 193
l 191 192
l 190 191
l 189 190
l 188 189
l 187 188
l 186 187
l 185 186
l 184 185
l 183 184
l 182 183
l 181 182
l 180 181
l 179 180
l 178 179
l 177 178
l 176 177
l 175 176
l 173 174
l 172 173
l 171 172
l 170 171
l 169 170
l 168 169
l 167 168
l 166 167
l 165 166
l 164 165
l 163 164
l 162 163
l 161 162
l 35 161
l 42 160
l 159 160
l 41 160
l 158 159
l 11 158
l 51 157
l 156 157
l 57 156
l 155 156
l 154 155
l 153 154
l 152 153
l 151 152
l 150 151
l 149 150
l 148 149
l 147 148
l 146 147
l 145 146
l 144 145
l 143 144
l 142 143
l 141 142
l 140 141
l 139 140
l 138 139
l 137 138
l 102 137
l 109 136
l 135 136
l 134 135
l 133 134
l 132 133
l 131 132
l 130 131
l 129 130
l 128 129
l 127 128
l 126 127
l 125 126
l 85 124
l 123 124
l 86 124
l 64 123
l 121 122
l 65 122
l 120 121
l 119 120
l 118 119
l 116 117
l 115 116
l 114 115
l 113 114
l 112 113
l 111 112
l 110 111
l 109 110
l 108 109
l 107 108
l 106 107
l 105 106
l 104 105
l 103 104
l 102 103
l 101 102
l 100 101
l 99 100
l 98 99
l 97 98
l 96 97
l 95 96
l 94 95
l 93 94
l 92 93
l 91 92
l 50 90
l 67 89
l 47 89
l 87 88
l 67 88
l 86 87
l 85 86
l 45 85
l 11 84
l 46 84
l 43 84
l 12 84
l 82 83
l 10 83
l 81 82
l 80 81
l 79 80
l 78 79
l 77 78
l 76 77
l 75 76
l 74 75
l 73 74
l 72 73
l 71 72
l 70 71
l 69 70
l 68 69
l 66 67
l 65 66
l 64 65
l 63 64
l 62 63
l 61 62
l 60 61
l 59 60
l 58 59
l 56 57
l 55 56
l 54 55
l 53 54
l 52 53
l 51 52
l 50 51
l 49 50
l 48 49
l 47 48
l 13 47
l 13 46
l 45 46
l 44 45
l 43 44
l 11 43
l 41 42
l 8 42
l 40 41
l 39 40
l 38 39
l 37 38
l 36 37
l 35 36
l 34 35
l 33 34
l 32 33
l 31 32
l 30 31
l 29 30
l 28 29
l 27 28
l 26 27
l 25 26
l 24 25
l 23 24
l 22 23
l 21 22
l 20 21
l 19 20
l 18 19
l 17 18
l 16 17
l 15 16
l 14 15
l 12 13
l 11 12
l 10 11
l 9 10
l 8 9
l 7 8
l 6 7
l 5 6
l 4 5
l 3 4
l 2 3
l 1 2

k 279 802
k 731 1245
k 628 315
k 644 1244
k 97 639
k 148 710
k 893 253
k 526 222
k 1168 1243
k 1242 399
k 862 1241
k 888 822
k 1240 1163
k 557 414
k 517 1199
k 832 1183
k 1118 430
k 1239 1084
k 1238 1237
k 818 866
k 426 141
k 527 603
k 212 382
k 479 225
k 188 660
k 223 664
k 1147 949
k 948 383
k 213 550
k 130 1226
k 1076 1235
k 166 603
k 326 1214
k 743 407
k 784 1221
k 1090 868
k 758 1228
k 128 435
k 82 42
k 213 256
k 416 1092
k 135 653
k 637 141
k 878 931
k 937 744
k 707 8
k 1112 1233
k 281 88
k 210 640
k 719 1062
k 1014 1232
k 659 406
k 54 1230
k 786 794
k 505 607
k 1073 800
k 207 689
k 228 1229
k 116 921
k 44 1048
k 617 122
k 1110 1216
k 616 453
k 341 853
k 518 369
k 588 882
k 1228 1067
k 630 977
k 1227 404
k 8 507
k 1173 968
k 1158 1217
k 281 1225
k 25 1202
k 690 1224
k 859 1223
k 689 1158
k 309 952
k 1222 1221
k 462 923
k 1220 209
k 493 43
k 763 251
k 1219 74
k 1218 974
k 705 1217
k 784 929
k 962 210
k 1216 818
k 107 1013
k 1052 649
k 693 737
k 528 744
k 1215 1004
k 1214 701
k 1213 1212
k 187 1153
k 1211 1210
k 697 601
k 360 397
k 122 506
k 424 532
k 19 946
k 824 161
k 1209 73
k 417 390
k 1208 871
k 1058 18
k 635 383
k 727 1046
k 472 1207
k 719 267
k 284 32
k 978 700
k 525 1206
k 1033 1181
k 932 496
k 988 312
k 510 1057
k 1205 1107
k 42 660
k 905 1201
k 968 1199
k 511 845
k 717 187
k 849 664
k 720 20
k 448 203
k 704 470
k 566 151
k 1198 1156
k 497 742
k 1197 1195
k 319 952
k 432 962
k 1194 1116
k 337 129
k 444 1193
k 887 402
k 321 483
k 613 275
k 699 1158
k 63 1157
k 1028 1192
k 944 646
k 89 515
k 740 1170
k 71 17
k 217 545
k 1188 1074
k 569 1187
k 761 1186
k 1002 515
k 987 1185
k 1060 917
k 584 1184
k 594 564
k 1043 685
k 466 170
k 1008 137
k 85 862
k 1183 779
k 687 1155
k 390 1151
k 1182 900
k 440 39
k 1181 528
k 1180 941
k 50 390
k 724 566
k 1179 421
k 438 1177
k 935 511
k 1079 869
k 84 8
k 973 1135
k 603 142
k 7 1089
k 1026 793
k 1028 485
k 1176 839
k 15 1175
k 1174 1161
k 496 1105
k 1172 463
k 1018 1014
k 1136 666
k 1059 1157
k 101 299
k 206 628
k 939 157
k 1027 997
k 59 233
k 1066 284
k 483 1170
k 984 310
k 1014 1169
k 1034 1167
k 448 1126
k 68 414
k 1166 437
k 1164 504
k 894 1163
k 92 1162
k 1161 1160
k 1159 1085
k 953 457
k 1156 168
k 1081 1147
k 1040 360
k 1155 906
k 1154 211
k 189 860
k 1153 993
k 368 1109
k 351 773
k 723 1114
k 584 1152
k 355 1149
k 1151 212
k 752 58
k 855 1141
k 907 64
k 476 423
k 1089 849
k 1079 238
k 233 670
k 968 753
k 1149 918
k 1023 349
k 1009 396
k 867 383
k 222 51
k 1099 1046
k 650 766
k 38 1147
k 808 297
k 1146 755
k 460 540
k 1144 831
k 9 774
k 555 78
k 106 1142
k 1058 956
k 442 977
k 1140 173
k 757 647
k 1139 343
k 318 232
k 1138 122
k 1136 1135
k 466 206
k 720 236
k 395 836
k 698 485
k 1134 153
k 1132 635
k 1130 1104
k 32 1067
k 379 217
k 512 55
k 533 1129
k 1128 1126
k 978 195
k 75 1037
k 1125 1122
k 621 597
k 364 546
k 543 856
k 1013 532
k 485 509
k 823 1013
k 1011 704
k 822 983
k 1081 738
k 618 670
k 907 397
k 389 229
k 302 1121
k 336 246
k 1120 514
k 1092 556
k 388 246
k 1119 199
k 578 469
k 1118 994
k 50 184
k 1116 462
k 741 340
k 921 6
k 686 155
k 1101 1028
k 684 572
k 1115 1114
k 465 263
k 1113 56
k 956 1006
k 1112 61
k 759 71
k 687 868
k 821 118
k 1110 192
k 837 1108
k 206 1106
k 773 228
k 532 415
k 243 1100
k 328 790
k 317 812
k 354 195
k 1098 599
k 107 500
k 573 1095
k 1094 845
k 1091 188
k 416 75
k 979 1089
k 1088 546
k 1086 184
k 73 836
k 967 948
k 762 1080
k 526 302
k 371 509
k 824 1074
k 143 1073
k 360 1072
k 477 404
k 895 38
k 641 1064
k 334 498
k 748 1060
k 1059 278
k 1046 737
k 201 1058
k 1057 1055
k 726 450
k 429 912
k 1054 784
k 1053 1050
k 391 939
k 412 7
k 1044 1042
k 1041 459
k 1039 248
k 1038 1035
k 616 565
k 132 1011
k 1031 655
k 1030 1027
k 1026 653
k 808 1025
k 753 689
k 1024 930
k 1023 1015
k 949 1011
k 584 540
k 615 1008
k 1007 600
k 1006 673
k 697 717
k 677 1001
k 501 279
k 39 623
k 925 409
k 28 359
k 430 999
k 857 998
k 791 716
k 38 995
k 994 993
k 535 290
k 592 24
k 236 637
k 988 943
k 486 978
k 611 169
k 43 60
k 320 24
k 453 120
k 976 384
k 402 969
k 268 365
k 562 962
k 961 960
k 107 956
k 721 873
k 953 949
k 63 168
k 170 623
k 706 609
k 112 172
k 103 22
k 652 928
k 927 925
k 877 838
k 922 650
k 921 920
k 292 193
k 919 162
k 110 913
k 912 908
k 907 419
k 396 53
k 905 124
k 295 536
k 621 612
k 680 695
k 900 892
k 15 895
k 730 409
k 640 885
k 313 883
k 882 443
k 881 180
k 350 134
k 269 867
k 602 862
k 861 347
k 474 459
k 850 831
k 39 364
k 848 232
k 600 844
k 843 58
k 836 203
k 688 54
k 827 822
k 821 715
k 820 818
k 400 814
k 61 28
k 28 267
k 64 4
k 423 542
k 732 641
k 85 668
k 734 682
k 792 579
k 380 52
k 790 772
k 285 537
k 560 771
k 770 213
k 393 760
k 72 757
k 269 725
k 756 753
k 752 653
k 589 741
k 500 281
k 110 233
k 728 342
k 723 713
k 520 705
k 215 694
k 55 297
k 693 692
k 691 664
k 363 396
k 680 489
k 679 668
k 667 662
k 64 181
k 661 649
k 379 642
k 641 628
k 113 619
k 618 607
k 606 574
k 404 561
k 447 547
k 192 195
k 546 528
k 527 508
k 507 67
k 18 495
k 494 469
k 55 465
k 464 441
k 440 429
k 227 406
k 405 384
k 251 376
k 375 358
k 357 338
k 337 321
k 204 308
k 307 126
k 300 67
k 296 280
k 279 5
k 248 175
k 174 125
k 85 118
k 117 91
k 90 68
k 67 58
k 57 14
k 13 1

