NbNoeuds: 232
NbLiaison: 340
NbCommodite: 70
Gamma: 16

v 232 124.00 37.00
v 231 172.00 109.00
v 230 104.00 121.00
v 229 260.00 53.00
v 228 156.00 137.00
v 227 276.00 101.00
v 226 80.00 25.00
v 225 172.00 85.00
v 224 148.00 137.00
v 223 124.00 125.00
v 222 124.00 145.00
v 221 284.00 101.00
v 220 40.00 145.00
v 219 104.00 137.00
v 218 180.00 69.00
v 217 180.00 61.00
v 216 276.00 85.00
v 215 260.00 61.00
v 214 180.00 101.00
v 213 172.00 101.00
v 212 236.00 29.00
v 211 196.00 49.00
v 210 204.00 57.00
v 209 172.00 125.00
v 208 104.00 49.00
v 207 104.00 145.00
v 206 124.00 93.00
v 205 276.00 61.00
v 204 16.00 57.00
v 203 64.00 21.00
v 202 72.00 25.00
v 201 104.00 41.00
v 200 104.00 33.00
v 199 56.00 33.00
v 198 104.00 73.00
v 197 104.00 65.00
v 196 104.00 57.00
v 195 260.00 69.00
v 194 260.00 45.00
v 193 260.00 93.00
v 192 276.00 93.00
v 191 276.00 53.00
v 190 260.00 37.00
v 189 236.00 21.00
v 188 212.00 65.00
v 187 172.00 117.00
v 186 156.00 25.00
v 185 172.00 29.00
v 184 180.00 37.00
v 183 124.00 101.00
v 182 256.00 157.00
v 181 252.00 125.00
v 180 260.00 109.00
v 179 284.00 53.00
v 178 284.00 61.00
v 177 40.00 121.00
v 176 148.00 145.00
v 175 260.00 129.00
v 174 246.00 141.00
v 173 180.00 117.00
v 172 180.00 109.00
v 171 180.00 45.00
v 170 120.00 9.00
v 169 104.00 25.00
v 168 104.00 17.00
v 167 220.00 169.00
v 166 104.00 97.00
v 165 104.00 105.00
v 164 104.00 113.00
v 163 140.00 137.00
v 162 90.00 165.00
v 161 124.00 109.00
v 160 124.00 85.00
v 159 172.00 61.00
v 158 44.00 27.00
v 157 32.00 49.00
v 156 16.00 97.00
v 155 32.00 153.00
v 154 32.00 161.00
v 153 32.00 169.00
v 152 40.00 169.00
v 151 56.00 49.00
v 150 56.00 41.00
v 149 64.00 41.00
v 148 180.00 53.00
v 147 172.00 45.00
v 146 162.00 9.00
v 145 228.00 53.00
v 144 92.00 9.00
v 143 80.00 9.00
v 142 72.00 9.00
v 141 116.00 145.00
v 140 148.00 85.00
v 139 64.00 165.00
v 138 64.00 157.00
v 137 196.00 161.00
v 136 132.00 137.00
v 135 132.00 145.00
v 134 140.00 145.00
v 133 188.00 169.00
v 132 40.00 99.00
v 131 56.00 121.00
v 130 236.00 69.00
v 129 180.00 125.00
v 128 236.00 61.00
v 127 56.00 25.00
v 126 40.00 51.00
v 125 32.00 65.00
v 124 24.00 45.00
v 123 32.00 73.00
v 122 132.00 61.00
v 121 164.00 81.00
v 120 188.00 41.00
v 119 212.00 117.00
v 118 228.00 93.00
v 117 228.00 85.00
v 116 236.00 85.00
v 115 260.00 77.00
v 114 236.00 93.00
v 113 236.00 77.00
v 112 228.00 77.00
v 111 228.00 69.00
v 110 228.00 61.00
v 109 180.00 21.00
v 108 172.00 21.00
v 107 136.00 9.00
v 106 128.00 9.00
v 105 56.00 81.00
v 104 8.00 65.00
v 103 8.00 109.00
v 102 32.00 145.00
v 101 104.00 161.00
v 100 104.00 153.00
v 99 212.00 169.00
v 98 228.00 169.00
v 97 246.00 157.00
v 96 156.00 145.00
v 95 188.00 145.00
v 94 220.00 125.00
v 93 236.00 53.00
v 92 236.00 45.00
v 91 228.00 45.00
v 90 228.00 37.00
v 89 228.00 29.00
v 88 228.00 21.00
v 87 32.00 97.00
v 86 16.00 109.00
v 85 40.00 113.00
v 84 32.00 113.00
v 83 32.00 129.00
v 82 56.00 153.00
v 81 56.00 161.00
v 80 56.00 169.00
v 79 104.00 169.00
v 78 116.00 161.00
v 77 140.00 169.00
v 76 148.00 169.00
v 75 156.00 169.00
v 74 164.00 169.00
v 73 172.00 169.00
v 72 196.00 169.00
v 71 204.00 169.00
v 70 32.00 137.00
v 69 40.00 137.00
v 68 56.00 145.00
v 67 48.00 99.00
v 66 56.00 97.00
v 65 56.00 89.00
v 64 48.00 83.00
v 63 40.00 83.00
v 62 32.00 81.00
v 61 8.00 57.00
v 60 8.00 49.00
v 59 32.00 25.00
v 58 32.00 17.00
v 57 24.00 17.00
v 56 44.00 11.00
v 55 56.00 9.00
v 54 56.00 17.00
v 53 44.00 35.00
v 52 44.00 43.00
v 51 48.00 51.00
v 50 56.00 57.00
v 49 48.00 63.00
v 48 40.00 73.00
v 47 48.00 73.00
v 46 56.00 73.00
v 45 124.00 61.00
v 44 124.00 45.00
v 43 252.00 101.00
v 42 260.00 85.00
v 41 268.00 97.00
v 40 284.00 93.00
v 39 284.00 85.00
v 38 288.00 109.00
v 37 288.00 129.00
v 36 280.00 133.00
v 35 270.00 133.00
v 34 256.00 141.00
v 33 236.00 145.00
v 32 228.00 145.00
v 31 164.00 137.00
v 30 172.00 93.00
v 29 132.00 81.00
v 28 124.00 77.00
v 27 124.00 69.00
v 26 104.00 89.00
v 25 104.00 81.00
v 24 88.00 49.00
v 23 80.00 41.00
v 22 72.00 41.00
v 21 56.00 65.00
v 20 124.00 53.00
v 19 124.00 21.00
v 18 172.00 69.00
v 17 172.00 77.00
v 16 180.00 77.00
v 15 180.00 85.00
v 14 180.00 93.00
v 13 188.00 93.00
v 12 196.00 101.00
v 11 204.00 109.00
v 10 164.00 145.00
v 9 172.00 145.00
v 8 196.00 145.00
v 7 204.00 145.00
v 6 212.00 145.00
v 5 220.00 145.00
v 4 228.00 125.00
v 3 228.00 109.00
v 2 228.00 101.00
v 1 236.00 101.00

l 44 232
l 213 231
l 172 231
l 214 231
l 218 231
l 26 230
l 164 230
l 190 229
l 96 228
l 41 227
l 197 226
l 121 225
l 176 224
l 163 224
l 135 223
l 135 222
l 141 222
l 40 221
l 102 220
l 207 219
l 65 219
l 16 218
l 217 218
l 148 217
l 213 217
l 192 216
l 205 216
l 195 215
l 213 214
l 172 214
l 14 214
l 30 213
l 115 212
l 89 212
l 110 211
l 210 211
l 188 210
l 173 209
l 31 209
l 201 208
l 196 208
l 27 207
l 100 207
l 141 207
l 160 206
l 191 205
l 195 205
l 61 204
l 54 203
l 202 203
l 127 202
l 144 202
l 197 202
l 200 201
l 20 201
l 144 200
l 169 200
l 149 199
l 127 199
l 25 198
l 197 198
l 196 197
l 144 196
l 45 196
l 115 195
l 189 195
l 190 194
l 41 193
l 36 193
l 42 193
l 40 192
l 42 192
l 179 192
l 190 191
l 179 191
l 189 190
l 91 189
l 3 189
l 13 188
l 111 188
l 173 187
l 185 186
l 109 185
l 184 185
l 171 184
l 161 183
l 97 182
l 34 182
l 175 181
l 180 181
l 43 180
l 32 180
l 33 180
l 35 180
l 39 179
l 178 179
l 85 177
l 67 177
l 160 176
l 134 176
l 30 176
l 96 176
l 34 175
l 35 175
l 174 175
l 33 174
l 172 173
l 129 173
l 119 173
l 120 172
l 13 172
l 147 171
l 120 171
l 169 170
l 106 170
l 168 169
l 144 168
l 99 167
l 26 166
l 165 166
l 164 165
l 135 163
l 66 162
l 79 162
l 80 162
l 160 161
l 28 160
l 141 160
l 18 159
l 60 158
l 53 158
l 55 158
l 53 157
l 124 157
l 61 156
l 86 156
l 154 155
l 102 155
l 153 154
l 152 153
l 81 152
l 51 151
l 150 151
l 149 150
l 22 149
l 120 148
l 18 148
l 147 148
l 106 147
l 107 147
l 108 146
l 145 146
l 110 145
l 143 144
l 142 143
l 54 142
l 74 141
l 28 141
l 29 140
l 45 140
l 122 140
l 30 140
l 138 139
l 80 138
l 72 137
l 96 137
l 135 136
l 134 135
l 73 134
l 72 133
l 66 132
l 85 132
l 67 132
l 67 131
l 113 130
l 128 130
l 12 129
l 93 128
l 110 128
l 22 127
l 54 127
l 51 126
l 53 126
l 125 126
l 49 125
l 50 125
l 123 125
l 123 124
l 48 123
l 62 123
l 63 123
l 45 122
l 121 122
l 18 121
l 16 120
l 7 119
l 118 119
l 94 119
l 11 119
l 12 118
l 117 118
l 116 117
l 112 117
l 115 116
l 114 116
l 43 115
l 42 115
l 1 114
l 32 114
l 32 113
l 112 113
l 12 112
l 111 112
l 110 111
l 109 110
l 108 109
l 107 108
l 106 107
l 19 106
l 65 105
l 46 105
l 26 105
l 24 105
l 48 105
l 61 104
l 102 103
l 86 103
l 70 102
l 100 101
l 79 101
l 74 100
l 72 99
l 98 99
l 97 98
l 96 97
l 33 97
l 10 96
l 10 95
l 7 95
l 4 94
l 5 94
l 7 94
l 92 93
l 4 93
l 91 92
l 90 91
l 89 90
l 88 89
l 86 87
l 65 86
l 85 86
l 84 85
l 83 84
l 70 83
l 70 82
l 81 82
l 80 81
l 79 80
l 78 79
l 77 78
l 76 77
l 75 76
l 74 75
l 73 74
l 72 73
l 71 72
l 69 70
l 68 69
l 67 68
l 66 67
l 65 66
l 64 65
l 63 64
l 62 63
l 61 62
l 60 61
l 59 60
l 58 59
l 57 58
l 56 57
l 55 56
l 54 55
l 53 54
l 52 53
l 51 52
l 50 51
l 21 50
l 49 50
l 48 49
l 21 49
l 47 48
l 46 47
l 21 46
l 23 46
l 20 45
l 27 45
l 20 44
l 42 43
l 1 43
l 41 42
l 40 41
l 39 40
l 38 39
l 37 38
l 36 37
l 35 36
l 34 35
l 33 34
l 32 33
l 5 32
l 10 31
l 30 31
l 29 30
l 28 29
l 27 28
l 26 27
l 25 26
l 24 25
l 23 24
l 22 23
l 21 22
l 19 20
l 18 19
l 17 18
l 16 17
l 15 16
l 14 15
l 13 14
l 12 13
l 11 12
l 10 11
l 9 10
l 8 9
l 7 8
l 6 7
l 5 6
l 4 5
l 3 4
l 2 3
l 1 2

k 220 232
k 135 106
k 125 97
k 10 81
k 131 122
k 54 24
k 195 50
k 115 63
k 101 83
k 128 164
k 229 115
k 126 228
k 83 207
k 42 137
k 227 226
k 140 35
k 53 65
k 41 141
k 143 41
k 225 223
k 222 88
k 106 32
k 221 167
k 61 121
k 220 122
k 86 215
k 193 150
k 142 49
k 88 99
k 208 206
k 205 40
k 204 18
k 127 144
k 78 33
k 133 169
k 149 61
k 177 194
k 35 187
k 186 25
k 183 178
k 176 44
k 177 17
k 168 22
k 105 27
k 46 76
k 35 149
k 8 99
k 73 167
k 153 156
k 61 164
k 163 66
k 161 159
k 57 101
k 151 7
k 144 72
k 19 113
k 139 108
k 136 133
k 26 131
k 109 116
k 129 5
k 44 125
k 124 120
k 10 42
k 114 47
k 104 88
k 87 71
k 70 44
k 2 21
k 20 1

