NbNoeuds: 125
NbLiaison: 179
NbCommodite: 40
Gamma: 10

v 125 5150.00 10600.00
v 124 4500.00 4425.00
v 123 8125.00 10150.00
v 122 5875.00 2475.00
v 121 14975.00 10150.00
v 120 8675.00 3550.00
v 119 12425.00 2475.00
v 118 15225.00 3250.00
v 117 15225.00 7600.00
v 116 4300.00 4825.00
v 115 4300.00 4950.00
v 114 12425.00 2325.00
v 113 12075.00 9525.00
v 112 12075.00 9125.00
v 111 12100.00 4425.00
v 110 11500.00 10600.00
v 109 8675.00 4050.00
v 108 12225.00 9275.00
v 107 12075.00 9225.00
v 106 4300.00 9275.00
v 105 11050.00 4425.00
v 104 11500.00 4425.00
v 103 10850.00 5050.00
v 102 8675.00 7900.00
v 101 11700.00 6150.00
v 100 8675.00 7800.00
v 99 8525.00 5700.00
v 98 8675.00 3950.00
v 97 10850.00 9400.00
v 96 15225.00 8400.00
v 95 15225.00 3950.00
v 94 12425.00 6925.00
v 93 12425.00 2775.00
v 92 12425.00 2625.00
v 91 4300.00 9500.00
v 90 5525.00 9525.00
v 89 8225.00 10150.00
v 88 12075.00 4975.00
v 87 5875.00 7225.00
v 86 5550.00 4425.00
v 85 5525.00 9125.00
v 84 4350.00 8875.00
v 83 4350.00 4425.00
v 82 10900.00 4425.00
v 81 10850.00 4725.00
v 80 10850.00 9275.00
v 79 10850.00 9500.00
v 78 12075.00 9425.00
v 77 15225.00 8300.00
v 76 15225.00 8500.00
v 75 15075.00 10150.00
v 74 14875.00 10150.00
v 73 14775.00 10150.00
v 72 11700.00 10600.00
v 71 8325.00 10150.00
v 70 8425.00 10150.00
v 69 4500.00 8875.00
v 68 8425.00 5700.00
v 67 8675.00 3850.00
v 66 8675.00 3750.00
v 65 12100.00 8875.00
v 64 5675.00 9275.00
v 63 5525.00 9225.00
v 62 5250.00 8875.00
v 61 4300.00 9400.00
v 60 4950.00 10600.00
v 59 5525.00 9425.00
v 58 5675.00 9375.00
v 57 8675.00 8400.00
v 56 8675.00 7600.00
v 55 14675.00 5700.00
v 54 15225.00 3450.00
v 53 15225.00 3350.00
v 52 12075.00 4775.00
v 51 12075.00 4675.00
v 50 8675.00 3250.00
v 49 8675.00 3350.00
v 48 8675.00 3450.00
v 47 8225.00 5700.00
v 46 8675.00 7700.00
v 45 8675.00 8100.00
v 44 12225.00 4925.00
v 43 12075.00 5075.00
v 42 11500.00 6150.00
v 41 11500.00 8875.00
v 40 11800.00 8875.00
v 39 12425.00 6775.00
v 38 14875.00 5700.00
v 37 14775.00 5700.00
v 36 15225.00 3650.00
v 35 15225.00 3750.00
v 34 15225.00 4050.00
v 33 15225.00 8200.00
v 32 5875.00 2775.00
v 31 5150.00 6150.00
v 30 5550.00 8875.00
v 29 10850.00 9175.00
v 28 5875.00 7075.00
v 27 5875.00 6925.00
v 26 5875.00 6775.00
v 25 5675.00 4825.00
v 24 5525.00 4675.00
v 23 5875.00 2625.00
v 22 5875.00 2325.00
v 21 5250.00 4425.00
v 20 4950.00 4425.00
v 19 5675.00 4925.00
v 18 5525.00 4975.00
v 17 5525.00 5075.00
v 16 4950.00 6150.00
v 15 4300.00 4725.00
v 14 4300.00 9175.00
v 13 14975.00 5700.00
v 12 15075.00 5700.00
v 11 15225.00 7700.00
v 10 15225.00 8000.00
v 9 15225.00 8100.00
v 8 11050.00 8875.00
v 7 10900.00 8875.00
v 6 8525.00 10150.00
v 5 8675.00 8500.00
v 4 8125.00 5700.00
v 3 8675.00 8200.00
v 2 8675.00 8300.00
v 1 12225.00 4825.00

l 71 125
l 83 124
l 20 124
l 89 123
l 21 122
l 23 122
l 77 121
l 74 121
l 48 120
l 67 120
l 66 120
l 114 119
l 118 119
l 53 118
l 34 117
l 11 117
l 14 116
l 115 116
l 82 114
l 111 114
l 109 114
l 72 113
l 65 112
l 107 112
l 79 112
l 103 111
l 93 111
l 71 110
l 99 109
l 81 109
l 73 108
l 107 108
l 78 107
l 61 106
l 14 106
l 81 105
l 104 105
l 103 104
l 51 103
l 100 102
l 43 101
l 39 101
l 2 100
l 46 100
l 56 99
l 98 99
l 79 97
l 80 97
l 9 96
l 34 95
l 35 95
l 38 94
l 65 94
l 39 94
l 52 93
l 92 93
l 60 91
l 60 90
l 89 90
l 59 89
l 71 89
l 1 88
l 43 88
l 57 88
l 28 87
l 30 87
l 85 87
l 32 86
l 5 85
l 16 84
l 62 84
l 14 84
l 69 84
l 17 83
l 22 83
l 81 82
l 2 81
l 7 80
l 40 80
l 78 79
l 40 79
l 9 77
l 9 76
l 75 76
l 74 75
l 73 74
l 72 73
l 71 72
l 70 71
l 6 70
l 58 70
l 59 70
l 62 69
l 67 68
l 66 67
l 40 65
l 10 65
l 6 64
l 63 64
l 58 63
l 16 63
l 31 63
l 30 62
l 61 62
l 60 61
l 59 60
l 58 59
l 6 58
l 5 57
l 41 57
l 2 57
l 47 56
l 46 56
l 54 55
l 39 55
l 37 55
l 53 54
l 52 53
l 51 52
l 1 52
l 23 50
l 49 50
l 48 49
l 47 48
l 4 47
l 46 47
l 45 46
l 3 45
l 43 44
l 1 44
l 42 43
l 41 42
l 40 41
l 7 41
l 39 40
l 38 39
l 13 38
l 37 38
l 36 37
l 35 36
l 13 35
l 34 35
l 12 34
l 9 33
l 26 32
l 23 32
l 4 32
l 24 32
l 30 31
l 26 31
l 16 31
l 7 29
l 5 28
l 27 28
l 26 27
l 4 26
l 19 26
l 19 25
l 24 25
l 22 23
l 21 22
l 20 21
l 19 20
l 18 19
l 17 18
l 16 17
l 15 16
l 14 15
l 12 13
l 11 12
l 10 11
l 9 10
l 7 8
l 6 7
l 5 6
l 4 5
l 3 4
l 2 3
l 1 2

k 70 67
k 125 20
k 9 30
k 84 123
k 35 66
k 21 37
k 77 30
k 38 16
k 113 67
k 39 107
k 43 112
k 95 115
k 103 99
k 73 113
k 112 93
k 110 39
k 76 14
k 105 102
k 41 98
k 97 96
k 95 92
k 87 85
k 91 2
k 55 86
k 85 24
k 69 23
k 82 22
k 5 78
k 47 27
k 77 69
k 68 66
k 9 17
k 62 56
k 38 51
k 50 33
k 23 30
k 29 24
k 23 14
k 13 9
k 8 1

