NbNoeuds: 721
NbLiaison: 1113
NbCommodite: 300
Gamma: 39

v 721 68.00 221.00
v 720 132.00 55.00
v 719 251.00 574.00
v 718 160.00 392.00
v 717 130.00 534.00
v 716 207.00 199.00
v 715 200.00 53.00
v 714 13.00 161.00
v 713 232.00 167.00
v 712 51.00 59.00
v 711 143.00 309.00
v 710 238.00 312.00
v 709 150.00 419.00
v 708 152.00 413.00
v 707 82.00 260.00
v 706 35.00 376.00
v 705 157.00 565.00
v 704 220.00 239.00
v 703 262.00 500.00
v 702 167.00 307.00
v 701 120.00 256.00
v 700 15.00 90.00
v 699 72.00 546.00
v 698 198.00 528.00
v 697 141.00 423.00
v 696 146.00 421.00
v 695 120.00 80.00
v 694 120.00 76.00
v 693 220.00 348.00
v 692 229.00 580.00
v 691 231.00 580.00
v 690 196.00 272.00
v 689 31.00 335.00
v 688 259.00 442.00
v 687 30.00 394.00
v 686 11.00 181.00
v 685 3.00 175.00
v 684 13.00 392.00
v 683 141.00 164.00
v 682 200.00 520.00
v 681 56.00 242.00
v 680 121.00 73.00
v 679 230.00 244.00
v 678 58.00 79.00
v 677 266.00 299.00
v 676 45.00 96.00
v 675 88.00 22.00
v 674 78.00 10.00
v 673 215.00 565.00
v 672 262.00 501.00
v 671 250.00 487.00
v 670 114.00 419.00
v 669 35.00 398.00
v 668 138.00 157.00
v 667 145.00 228.00
v 666 155.00 233.00
v 665 37.00 219.00
v 664 109.00 533.00
v 663 117.00 533.00
v 662 141.00 463.00
v 661 67.00 320.00
v 660 240.00 578.00
v 659 250.00 252.00
v 658 104.00 257.00
v 657 267.00 271.00
v 656 243.00 276.00
v 655 123.00 14.00
v 654 167.00 24.00
v 653 231.00 437.00
v 652 75.00 92.00
v 651 200.00 13.00
v 650 40.00 71.00
v 649 200.00 98.00
v 648 185.00 97.00
v 647 177.00 97.00
v 646 153.00 465.00
v 645 243.00 56.00
v 644 248.00 62.00
v 643 95.00 179.00
v 642 107.00 174.00
v 641 37.00 59.00
v 640 82.00 216.00
v 639 47.00 233.00
v 638 74.00 384.00
v 637 80.00 384.00
v 636 169.00 385.00
v 635 161.00 368.00
v 634 169.00 360.00
v 633 219.00 220.00
v 632 257.00 432.00
v 631 230.00 432.00
v 630 266.00 410.00
v 629 83.00 257.00
v 628 222.00 453.00
v 627 30.00 509.00
v 626 73.00 40.00
v 625 69.00 38.00
v 624 81.00 120.00
v 623 210.00 493.00
v 622 160.00 519.00
v 621 221.00 318.00
v 620 223.00 336.00
v 619 258.00 231.00
v 618 46.00 51.00
v 617 237.00 127.00
v 616 266.00 329.00
v 615 140.00 188.00
v 614 119.00 186.00
v 613 116.00 174.00
v 612 124.00 168.00
v 611 60.00 101.00
v 610 38.00 55.00
v 609 141.00 568.00
v 608 121.00 558.00
v 607 114.00 579.00
v 606 6.00 225.00
v 605 100.00 365.00
v 604 171.00 513.00
v 603 226.00 513.00
v 602 42.00 533.00
v 601 8.00 460.00
v 600 266.00 362.00
v 599 263.00 434.00
v 598 245.00 447.00
v 597 143.00 546.00
v 596 121.00 141.00
v 595 10.00 492.00
v 594 82.00 519.00
v 593 71.00 252.00
v 592 261.00 58.00
v 591 255.00 60.00
v 590 246.00 356.00
v 589 230.00 122.00
v 588 186.00 227.00
v 587 83.00 457.00
v 586 103.00 520.00
v 585 154.00 109.00
v 584 20.00 139.00
v 583 0.00 95.00
v 582 2.00 41.00
v 581 7.00 39.00
v 580 13.00 40.00
v 579 25.00 41.00
v 578 135.00 467.00
v 577 140.00 479.00
v 576 133.00 483.00
v 575 155.00 509.00
v 574 89.00 101.00
v 573 1.00 198.00
v 572 159.00 368.00
v 571 146.00 367.00
v 570 150.00 352.00
v 569 30.00 285.00
v 568 32.00 281.00
v 567 144.00 121.00
v 566 140.00 121.00
v 565 154.00 92.00
v 564 265.00 209.00
v 563 197.00 464.00
v 562 200.00 462.00
v 561 200.00 453.00
v 560 50.00 564.00
v 559 40.00 498.00
v 558 25.00 462.00
v 557 231.00 333.00
v 556 8.00 63.00
v 555 99.00 134.00
v 554 80.00 368.00
v 553 24.00 334.00
v 552 16.00 263.00
v 551 21.00 261.00
v 550 188.00 193.00
v 549 231.00 23.00
v 548 30.00 565.00
v 547 122.00 376.00
v 546 83.00 333.00
v 545 113.00 273.00
v 544 97.00 232.00
v 543 106.00 225.00
v 542 113.00 221.00
v 541 73.00 198.00
v 540 68.00 210.00
v 539 90.00 105.00
v 538 55.00 416.00
v 537 9.00 268.00
v 536 9.00 260.00
v 535 14.00 175.00
v 534 232.00 68.00
v 533 219.00 18.00
v 532 143.00 42.00
v 531 194.00 250.00
v 530 184.00 251.00
v 529 175.00 252.00
v 528 180.00 450.00
v 527 180.00 540.00
v 526 260.00 569.00
v 525 137.00 159.00
v 524 106.00 447.00
v 523 121.00 519.00
v 522 77.00 453.00
v 521 32.00 439.00
v 520 30.00 451.00
v 519 260.00 99.00
v 518 262.00 99.00
v 517 154.00 519.00
v 516 221.00 480.00
v 515 218.00 467.00
v 514 52.00 544.00
v 513 47.00 550.00
v 512 8.00 571.00
v 511 12.00 580.00
v 510 137.00 326.00
v 509 126.00 323.00
v 508 14.00 19.00
v 507 10.00 13.00
v 506 13.00 6.00
v 505 113.00 161.00
v 504 120.00 154.00
v 503 154.00 62.00
v 502 126.00 117.00
v 501 213.00 40.00
v 500 211.00 37.00
v 499 207.00 58.00
v 498 189.00 39.00
v 497 239.00 475.00
v 496 25.00 204.00
v 495 138.00 70.00
v 494 101.00 33.00
v 493 100.00 20.00
v 492 97.00 9.00
v 491 105.00 6.00
v 490 110.00 7.00
v 489 131.00 8.00
v 488 141.00 15.00
v 487 151.00 21.00
v 486 142.00 41.00
v 485 159.00 39.00
v 484 228.00 55.00
v 483 237.00 49.00
v 482 259.00 78.00
v 481 250.00 80.00
v 480 246.00 83.00
v 479 195.00 140.00
v 478 254.00 107.00
v 477 270.00 33.00
v 476 253.00 30.00
v 475 245.00 35.00
v 474 270.00 7.00
v 473 222.00 41.00
v 472 118.00 558.00
v 471 142.00 538.00
v 470 157.00 553.00
v 469 167.00 553.00
v 468 180.00 541.00
v 467 207.00 559.00
v 466 246.00 508.00
v 465 185.00 207.00
v 464 175.00 207.00
v 463 196.00 65.00
v 462 171.00 222.00
v 461 166.00 339.00
v 460 43.00 425.00
v 459 42.00 418.00
v 458 12.00 468.00
v 457 162.00 259.00
v 456 123.00 398.00
v 455 103.00 359.00
v 454 170.00 257.00
v 453 175.00 268.00
v 452 115.00 373.00
v 451 103.00 369.00
v 450 152.00 321.00
v 449 119.00 124.00
v 448 111.00 121.00
v 447 110.00 103.00
v 446 82.00 156.00
v 445 78.00 151.00
v 444 70.00 152.00
v 443 52.00 146.00
v 442 36.00 174.00
v 441 28.00 299.00
v 440 23.00 290.00
v 439 40.00 360.00
v 438 112.00 459.00
v 437 105.00 462.00
v 436 58.00 462.00
v 435 39.00 544.00
v 434 22.00 553.00
v 433 15.00 544.00
v 432 14.00 538.00
v 431 10.00 499.00
v 430 10.00 503.00
v 429 133.00 308.00
v 428 79.00 270.00
v 427 30.00 243.00
v 426 99.00 259.00
v 425 117.00 246.00
v 424 119.00 237.00
v 423 130.00 238.00
v 422 145.00 249.00
v 421 125.00 198.00
v 420 76.00 191.00
v 419 107.00 82.00
v 418 98.00 89.00
v 417 89.00 99.00
v 416 77.00 110.00
v 415 63.00 110.00
v 414 31.00 114.00
v 413 24.00 107.00
v 412 3.00 107.00
v 411 0.00 139.00
v 410 95.00 525.00
v 409 90.00 512.00
v 408 96.00 543.00
v 407 107.00 545.00
v 406 171.00 565.00
v 405 183.00 552.00
v 404 193.00 546.00
v 403 208.00 547.00
v 402 233.00 539.00
v 401 239.00 439.00
v 400 215.00 445.00
v 399 207.00 443.00
v 398 201.00 431.00
v 397 182.00 456.00
v 396 192.00 413.00
v 395 80.00 476.00
v 394 9.00 423.00
v 393 12.00 404.00
v 392 166.00 212.00
v 391 193.00 226.00
v 390 191.00 212.00
v 389 266.00 188.00
v 388 269.00 174.00
v 387 267.00 261.00
v 386 253.00 260.00
v 385 156.00 324.00
v 384 149.00 331.00
v 383 179.00 350.00
v 382 94.00 46.00
v 381 116.00 38.00
v 380 150.00 53.00
v 379 163.00 59.00
v 378 180.00 65.00
v 377 180.00 73.00
v 376 160.00 94.00
v 375 237.00 292.00
v 374 246.00 296.00
v 373 257.00 291.00
v 372 245.00 318.00
v 371 200.00 283.00
v 370 183.00 406.00
v 369 130.00 385.00
v 368 131.00 375.00
v 367 118.00 398.00
v 366 107.00 418.00
v 365 105.00 420.00
v 364 137.00 137.00
v 363 190.00 171.00
v 362 249.00 178.00
v 361 260.00 204.00
v 360 239.00 272.00
v 359 229.00 279.00
v 358 201.00 285.00
v 357 94.00 570.00
v 356 105.00 580.00
v 355 130.00 577.00
v 354 132.00 577.00
v 353 169.00 571.00
v 352 184.00 580.00
v 351 199.00 580.00
v 350 252.00 557.00
v 349 228.00 553.00
v 348 213.00 555.00
v 347 237.00 489.00
v 346 249.00 486.00
v 345 242.00 466.00
v 344 255.00 460.00
v 343 264.00 459.00
v 342 46.00 328.00
v 341 41.00 317.00
v 340 39.00 301.00
v 339 46.00 293.00
v 338 58.00 235.00
v 337 50.00 248.00
v 336 54.00 38.00
v 335 82.00 57.00
v 334 84.00 69.00
v 333 96.00 68.00
v 332 104.00 63.00
v 331 107.00 56.00
v 330 113.00 57.00
v 329 125.00 46.00
v 328 140.00 62.00
v 327 113.00 97.00
v 326 84.00 168.00
v 325 253.00 354.00
v 324 252.00 197.00
v 323 246.00 197.00
v 322 236.00 184.00
v 321 193.00 197.00
v 320 182.00 146.00
v 319 217.00 121.00
v 318 207.00 117.00
v 317 179.00 55.00
v 316 175.00 40.00
v 315 208.00 63.00
v 314 222.00 64.00
v 313 217.00 75.00
v 312 181.00 111.00
v 311 170.00 118.00
v 310 164.00 105.00
v 309 151.00 129.00
v 308 158.00 178.00
v 307 150.00 280.00
v 306 238.00 349.00
v 305 227.00 397.00
v 304 230.00 400.00
v 303 250.00 399.00
v 302 251.00 404.00
v 301 210.00 391.00
v 300 209.00 392.00
v 299 205.00 399.00
v 298 266.00 300.00
v 297 259.00 302.00
v 296 248.00 326.00
v 295 215.00 301.00
v 294 221.00 294.00
v 293 219.00 279.00
v 292 226.00 253.00
v 291 220.00 246.00
v 290 228.00 207.00
v 289 231.00 204.00
v 288 228.00 193.00
v 287 210.00 133.00
v 286 249.00 135.00
v 285 248.00 142.00
v 284 259.00 147.00
v 283 267.00 141.00
v 282 266.00 128.00
v 281 267.00 72.00
v 280 218.00 82.00
v 279 204.00 97.00
v 278 188.00 122.00
v 277 190.00 104.00
v 276 73.00 300.00
v 275 7.00 199.00
v 274 182.00 379.00
v 273 132.00 434.00
v 272 133.00 349.00
v 271 130.00 349.00
v 270 113.00 348.00
v 269 102.00 337.00
v 268 255.00 163.00
v 267 240.00 160.00
v 266 224.00 182.00
v 265 218.00 187.00
v 264 213.00 180.00
v 263 212.00 141.00
v 262 200.00 151.00
v 261 194.00 141.00
v 260 187.00 173.00
v 259 179.00 181.00
v 258 158.00 201.00
v 257 140.00 277.00
v 256 44.00 201.00
v 255 30.00 203.00
v 254 30.00 190.00
v 253 28.00 184.00
v 252 21.00 179.00
v 251 31.00 154.00
v 250 46.00 146.00
v 249 42.00 130.00
v 248 36.00 119.00
v 247 20.00 135.00
v 246 17.00 129.00
v 245 181.00 356.00
v 244 180.00 362.00
v 243 187.00 366.00
v 242 200.00 361.00
v 241 200.00 350.00
v 240 198.00 346.00
v 239 177.00 330.00
v 238 109.00 301.00
v 237 108.00 301.00
v 236 100.00 291.00
v 235 60.00 315.00
v 234 55.00 325.00
v 233 26.00 339.00
v 232 188.00 304.00
v 231 190.00 304.00
v 230 200.00 299.00
v 229 258.00 340.00
v 228 238.00 378.00
v 227 212.00 400.00
v 226 194.00 421.00
v 225 185.00 421.00
v 224 174.00 421.00
v 223 164.00 422.00
v 222 178.00 436.00
v 221 123.00 492.00
v 220 99.00 455.00
v 219 79.00 469.00
v 218 66.00 466.00
v 217 46.00 440.00
v 216 13.00 421.00
v 215 38.00 410.00
v 214 27.00 405.00
v 213 15.00 379.00
v 212 1.00 369.00
v 211 220.00 129.00
v 210 231.00 107.00
v 209 240.00 104.00
v 208 240.00 93.00
v 207 226.00 91.00
v 206 170.00 137.00
v 205 174.00 140.00
v 204 158.00 156.00
v 203 171.00 159.00
v 202 163.00 191.00
v 201 152.00 194.00
v 200 148.00 187.00
v 199 160.00 228.00
v 198 152.00 240.00
v 197 152.00 260.00
v 196 141.00 264.00
v 195 140.00 244.00
v 194 130.00 223.00
v 193 130.00 217.00
v 192 120.00 207.00
v 191 71.00 401.00
v 190 119.00 443.00
v 189 123.00 448.00
v 188 99.00 481.00
v 187 56.00 506.00
v 186 48.00 501.00
v 185 33.00 435.00
v 184 25.00 431.00
v 183 11.00 440.00
v 182 49.00 6.00
v 181 53.00 8.00
v 180 62.00 14.00
v 179 63.00 345.00
v 178 67.00 395.00
v 177 68.00 400.00
v 176 60.00 400.00
v 175 165.00 45.00
v 174 181.00 35.00
v 173 188.00 21.00
v 172 200.00 19.00
v 171 204.00 19.00
v 170 220.00 19.00
v 169 239.00 6.00
v 168 244.00 9.00
v 167 254.00 10.00
v 166 64.00 542.00
v 165 70.00 561.00
v 164 70.00 489.00
v 163 57.00 486.00
v 162 48.00 478.00
v 161 52.00 440.00
v 160 64.00 437.00
v 159 73.00 440.00
v 158 86.00 436.00
v 157 83.00 412.00
v 156 92.00 406.00
v 155 85.00 379.00
v 154 50.00 379.00
v 153 77.00 340.00
v 152 66.00 337.00
v 151 85.00 316.00
v 150 94.00 312.00
v 149 113.00 325.00
v 148 118.00 319.00
v 147 126.00 310.00
v 146 115.00 301.00
v 145 160.00 280.00
v 144 187.00 275.00
v 143 178.00 282.00
v 142 178.00 299.00
v 141 181.00 297.00
v 140 243.00 224.00
v 139 243.00 219.00
v 138 238.00 219.00
v 137 224.00 226.00
v 136 210.00 235.00
v 135 208.00 258.00
v 134 210.00 264.00
v 133 220.00 264.00
v 132 188.00 536.00
v 131 167.00 539.00
v 130 143.00 521.00
v 129 188.00 469.00
v 128 174.00 468.00
v 127 165.00 464.00
v 126 151.00 453.00
v 125 162.00 444.00
v 124 140.00 442.00
v 123 119.00 435.00
v 122 96.00 424.00
v 121 102.00 393.00
v 120 94.00 381.00
v 119 80.00 350.00
v 118 56.00 378.00
v 117 64.00 366.00
v 116 58.00 360.00
v 115 30.00 348.00
v 114 6.00 319.00
v 113 103.00 130.00
v 112 100.00 147.00
v 111 46.00 174.00
v 110 55.00 201.00
v 109 36.00 255.00
v 108 44.00 262.00
v 107 50.00 271.00
v 106 58.00 289.00
v 105 67.00 291.00
v 104 73.00 317.00
v 103 78.00 319.00
v 102 140.00 346.00
v 101 129.00 437.00
v 100 127.00 459.00
v 99 108.00 489.00
v 98 120.00 494.00
v 97 135.00 506.00
v 96 127.00 517.00
v 95 86.00 510.00
v 94 84.00 560.00
v 93 83.00 562.00
v 92 50.00 566.00
v 91 38.00 576.00
v 90 29.00 14.00
v 89 39.00 18.00
v 88 77.00 41.00
v 87 67.00 49.00
v 86 71.00 60.00
v 85 68.00 66.00
v 84 60.00 167.00
v 83 109.00 148.00
v 82 26.00 28.00
v 81 30.00 38.00
v 80 44.00 35.00
v 79 24.00 69.00
v 78 20.00 81.00
v 77 20.00 94.00
v 76 17.00 103.00
v 75 47.00 111.00
v 74 60.00 115.00
v 73 61.00 121.00
v 72 59.00 138.00
v 71 58.00 170.00
v 70 51.00 186.00
v 69 60.00 186.00
v 68 76.00 181.00
v 67 94.00 192.00
v 66 86.00 198.00
v 65 109.00 215.00
v 64 97.00 218.00
v 63 86.00 225.00
v 62 92.00 246.00
v 61 80.00 240.00
v 60 67.00 239.00
v 59 108.00 278.00
v 58 127.00 274.00
v 57 156.00 284.00
v 56 130.00 290.00
v 55 137.00 301.00
v 54 183.00 319.00
v 53 223.00 354.00
v 52 220.00 368.00
v 51 210.00 373.00
v 50 210.00 378.00
v 49 191.00 384.00
v 48 177.00 389.00
v 47 166.00 400.00
v 46 44.00 384.00
v 45 16.00 358.00
v 44 30.00 360.00
v 43 6.00 324.00
v 42 17.00 330.00
v 41 14.00 316.00
v 40 11.00 283.00
v 39 3.00 292.00
v 38 14.00 229.00
v 37 23.00 223.00
v 36 15.00 215.00
v 35 7.00 415.00
v 34 4.00 398.00
v 33 1.00 520.00
v 32 2.00 519.00
v 31 9.00 469.00
v 30 32.00 481.00
v 29 30.00 484.00
v 28 27.00 488.00
v 27 29.00 501.00
v 26 28.00 521.00
v 25 40.00 520.00
v 24 63.00 501.00
v 23 76.00 500.00
v 22 90.00 501.00
v 21 96.00 487.00
v 20 112.00 504.00
v 19 164.00 485.00
v 18 174.00 489.00
v 17 186.00 481.00
v 16 198.00 491.00
v 15 207.00 492.00
v 14 208.00 499.00
v 13 214.00 500.00
v 12 224.00 495.00
v 11 231.00 519.00
v 10 230.00 527.00
v 9 243.00 528.00
v 8 253.00 525.00
v 7 263.00 539.00
v 6 265.00 458.00
v 5 268.00 344.00
v 4 266.00 383.00
v 3 258.00 385.00
v 2 259.00 374.00
v 1 248.00 374.00

l 540 721
l 328 720
l 660 719
l 636 718
l 407 717
l 471 717
l 550 716
l 499 715
l 535 714
l 266 713
l 618 712
l 55 711
l 239 711
l 372 710
l 708 709
l 571 708
l 428 707
l 46 706
l 406 705
l 470 705
l 136 704
l 672 703
l 142 702
l 425 701
l 78 700
l 583 700
l 165 699
l 132 698
l 682 698
l 273 697
l 696 697
l 571 696
l 694 695
l 327 695
l 680 694
l 53 693
l 691 692
l 660 691
l 144 690
l 371 690
l 233 689
l 342 689
l 599 688
l 669 687
l 685 686
l 535 686
l 573 686
l 213 684
l 525 683
l 604 682
l 131 682
l 338 681
l 652 680
l 291 679
l 323 679
l 292 679
l 85 678
l 86 678
l 298 677
l 75 676
l 611 676
l 674 675
l 492 675
l 493 675
l 180 674
l 467 673
l 351 673
l 466 672
l 671 672
l 366 670
l 215 669
l 525 668
l 596 668
l 666 667
l 199 666
l 37 665
l 337 665
l 407 664
l 663 664
l 523 663
l 578 662
l 646 662
l 235 661
l 351 660
l 526 660
l 140 659
l 386 659
l 360 659
l 426 658
l 386 657
l 386 656
l 360 656
l 492 655
l 489 655
l 488 654
l 398 653
l 401 653
l 631 653
l 417 652
l 329 652
l 172 651
l 79 650
l 641 650
l 279 649
l 277 649
l 277 648
l 647 648
l 577 646
l 126 646
l 644 645
l 482 645
l 483 645
l 591 644
l 475 644
l 67 643
l 642 643
l 613 642
l 610 641
l 64 640
l 338 640
l 63 640
l 338 639
l 154 638
l 637 638
l 155 637
l 178 637
l 191 637
l 572 636
l 48 636
l 572 635
l 634 635
l 244 634
l 137 633
l 465 633
l 599 632
l 631 632
l 630 631
l 302 630
l 593 629
l 12 628
l 400 628
l 515 628
l 27 627
l 26 627
l 625 626
l 88 626
l 87 626
l 80 625
l 416 624
l 17 623
l 14 623
l 604 622
l 54 621
l 620 621
l 557 620
l 140 619
l 610 618
l 611 618
l 336 618
l 415 618
l 589 617
l 286 617
l 229 616
l 422 615
l 200 615
l 614 615
l 421 614
l 613 614
l 612 613
l 505 612
l 525 612
l 415 611
l 610 611
l 80 610
l 470 609
l 608 609
l 472 608
l 356 607
l 38 606
l 455 605
l 547 605
l 451 605
l 517 604
l 603 604
l 404 603
l 11 603
l 403 603
l 25 602
l 514 602
l 435 602
l 458 601
l 325 600
l 2 600
l 401 599
l 344 599
l 598 599
l 471 597
l 504 596
l 433 595
l 431 595
l 28 595
l 95 594
l 60 593
l 428 593
l 591 592
l 475 591
l 476 591
l 325 590
l 306 590
l 211 589
l 391 588
l 530 588
l 531 588
l 522 587
l 218 587
l 219 587
l 220 587
l 96 586
l 410 586
l 310 585
l 566 585
l 247 584
l 251 584
l 249 584
l 412 583
l 582 583
l 77 583
l 581 582
l 580 581
l 579 580
l 81 579
l 100 578
l 577 578
l 99 577
l 576 577
l 128 576
l 221 576
l 517 575
l 419 574
l 539 574
l 447 574
l 417 574
l 275 573
l 571 572
l 570 571
l 102 570
l 440 569
l 568 569
l 340 569
l 551 568
l 309 567
l 566 567
l 502 566
l 565 566
l 376 565
l 140 564
l 361 564
l 129 563
l 562 563
l 561 562
l 398 561
l 515 561
l 399 561
l 92 560
l 513 560
l 27 559
l 186 559
l 520 559
l 458 558
l 520 558
l 53 557
l 79 556
l 113 555
l 119 554
l 155 554
l 42 553
l 233 553
l 536 552
l 551 552
l 109 551
l 537 551
l 288 550
l 259 550
l 289 550
l 170 549
l 91 548
l 434 548
l 452 547
l 368 547
l 103 546
l 153 546
l 269 546
l 152 546
l 58 545
l 425 545
l 59 545
l 543 544
l 62 544
l 64 543
l 542 543
l 63 543
l 65 542
l 420 541
l 540 541
l 110 540
l 64 540
l 84 539
l 447 539
l 416 539
l 446 539
l 215 538
l 460 538
l 213 538
l 536 537
l 40 537
l 38 536
l 275 535
l 252 535
l 254 535
l 208 534
l 483 534
l 314 534
l 480 534
l 484 534
l 473 533
l 171 533
l 169 533
l 170 533
l 486 532
l 380 532
l 530 531
l 358 531
l 371 531
l 453 530
l 529 530
l 454 529
l 397 528
l 222 528
l 131 527
l 405 527
l 469 527
l 7 526
l 350 526
l 504 525
l 200 525
l 159 524
l 190 524
l 220 524
l 96 523
l 471 523
l 159 522
l 520 521
l 185 521
l 518 519
l 209 519
l 281 519
l 284 518
l 14 517
l 130 517
l 515 516
l 12 516
l 17 515
l 23 514
l 513 514
l 166 514
l 435 513
l 165 513
l 434 512
l 511 512
l 509 510
l 385 510
l 384 510
l 148 509
l 429 509
l 90 508
l 82 508
l 507 508
l 506 507
l 504 505
l 448 504
l 83 504
l 502 503
l 380 503
l 448 503
l 379 503
l 449 503
l 449 502
l 309 502
l 308 502
l 473 501
l 500 501
l 499 500
l 315 499
l 172 499
l 171 499
l 174 498
l 345 497
l 347 497
l 255 496
l 36 496
l 113 495
l 328 495
l 381 494
l 493 494
l 382 494
l 335 493
l 380 493
l 492 493
l 491 492
l 490 491
l 489 490
l 488 489
l 487 488
l 486 487
l 485 486
l 175 485
l 483 484
l 314 484
l 473 484
l 475 483
l 482 483
l 281 482
l 481 482
l 480 481
l 208 480
l 263 479
l 320 479
l 284 478
l 209 478
l 282 477
l 476 477
l 475 476
l 474 475
l 473 474
l 315 473
l 471 472
l 354 472
l 407 472
l 470 471
l 469 470
l 468 469
l 131 469
l 406 469
l 405 468
l 404 467
l 353 467
l 348 467
l 347 466
l 8 466
l 346 466
l 321 465
l 391 465
l 464 465
l 390 465
l 392 464
l 378 463
l 315 463
l 392 462
l 198 462
l 457 462
l 199 462
l 385 461
l 239 461
l 159 460
l 185 460
l 459 460
l 215 459
l 31 458
l 183 458
l 197 457
l 454 457
l 369 456
l 272 455
l 368 455
l 270 455
l 307 454
l 453 454
l 144 453
l 451 452
l 365 451
l 120 451
l 366 451
l 385 450
l 448 449
l 308 449
l 83 448
l 113 448
l 327 447
l 446 447
l 326 446
l 445 446
l 444 445
l 69 444
l 250 443
l 72 443
l 250 442
l 255 442
l 253 442
l 111 442
l 110 442
l 440 441
l 340 441
l 233 440
l 40 440
l 41 440
l 116 439
l 44 439
l 190 438
l 437 438
l 220 437
l 218 436
l 163 436
l 25 435
l 434 435
l 26 434
l 433 434
l 432 433
l 431 432
l 430 431
l 32 430
l 147 429
l 55 429
l 56 429
l 236 428
l 109 427
l 62 426
l 193 426
l 425 426
l 424 425
l 423 424
l 257 424
l 194 423
l 195 423
l 197 422
l 198 422
l 195 422
l 421 422
l 192 421
l 68 420
l 66 420
l 67 420
l 327 419
l 418 419
l 417 418
l 416 417
l 415 416
l 86 416
l 73 415
l 74 415
l 413 414
l 248 414
l 76 413
l 246 412
l 76 412
l 246 411
l 409 410
l 408 409
l 95 409
l 407 408
l 355 407
l 353 406
l 405 406
l 404 405
l 403 404
l 132 404
l 348 403
l 8 402
l 10 402
l 349 402
l 350 402
l 345 401
l 400 401
l 399 400
l 398 399
l 226 398
l 397 398
l 129 397
l 396 397
l 370 396
l 226 396
l 164 395
l 188 395
l 219 395
l 216 394
l 35 394
l 35 393
l 391 392
l 258 392
l 390 391
l 136 390
l 268 389
l 388 389
l 324 389
l 387 388
l 386 387
l 375 386
l 384 385
l 383 384
l 245 383
l 151 383
l 148 383
l 381 382
l 334 382
l 329 381
l 333 381
l 379 380
l 328 380
l 175 379
l 317 378
l 377 378
l 376 377
l 311 376
l 280 376
l 310 376
l 374 375
l 359 375
l 360 375
l 373 374
l 372 373
l 298 373
l 297 373
l 296 372
l 358 371
l 143 371
l 273 370
l 368 369
l 272 368
l 367 368
l 366 367
l 365 366
l 122 365
l 309 364
l 288 363
l 263 363
l 260 363
l 322 362
l 266 362
l 268 362
l 324 361
l 139 361
l 139 360
l 359 360
l 293 359
l 230 358
l 293 358
l 231 358
l 356 357
l 93 357
l 95 357
l 355 356
l 354 355
l 353 354
l 352 353
l 351 352
l 350 351
l 349 350
l 348 349
l 11 348
l 12 347
l 346 347
l 345 346
l 344 345
l 343 344
l 6 343
l 341 342
l 234 342
l 235 341
l 340 341
l 235 340
l 339 340
l 106 339
l 60 338
l 337 338
l 108 337
l 109 337
l 87 336
l 80 336
l 87 335
l 334 335
l 86 335
l 333 334
l 332 333
l 331 332
l 330 331
l 329 330
l 328 329
l 327 328
l 113 327
l 68 326
l 83 326
l 112 326
l 229 325
l 299 325
l 227 325
l 268 324
l 323 324
l 322 323
l 138 322
l 288 322
l 289 321
l 202 321
l 319 320
l 261 320
l 205 320
l 211 319
l 205 319
l 318 319
l 207 318
l 175 317
l 316 317
l 174 316
l 314 315
l 174 315
l 313 314
l 280 313
l 311 312
l 278 312
l 277 312
l 204 311
l 310 311
l 309 310
l 308 309
l 200 308
l 257 307
l 57 307
l 53 306
l 299 306
l 304 305
l 227 305
l 303 304
l 302 303
l 300 301
l 50 301
l 299 300
l 227 299
l 5 298
l 297 298
l 296 297
l 229 296
l 230 296
l 295 296
l 230 295
l 294 295
l 268 294
l 293 294
l 133 293
l 134 293
l 133 292
l 291 292
l 135 292
l 137 291
l 136 291
l 289 290
l 138 290
l 288 289
l 265 288
l 266 287
l 286 287
l 211 287
l 267 287
l 263 287
l 285 286
l 210 286
l 284 285
l 283 284
l 282 283
l 281 282
l 208 281
l 207 280
l 279 280
l 278 279
l 277 278
l 150 276
l 105 276
l 36 275
l 254 275
l 49 274
l 243 274
l 101 273
l 50 273
l 124 273
l 102 272
l 271 272
l 270 271
l 269 270
l 153 269
l 267 268
l 266 267
l 265 266
l 264 265
l 263 264
l 262 263
l 261 262
l 260 261
l 259 260
l 203 260
l 202 259
l 199 258
l 202 258
l 201 258
l 58 257
l 196 257
l 255 256
l 110 256
l 254 255
l 253 254
l 252 253
l 251 252
l 250 251
l 74 250
l 249 250
l 248 249
l 75 248
l 247 248
l 246 247
l 244 245
l 102 245
l 243 244
l 240 244
l 242 243
l 51 242
l 241 242
l 240 241
l 239 240
l 52 240
l 54 239
l 237 238
l 146 238
l 236 237
l 148 237
l 105 236
l 59 236
l 104 235
l 234 235
l 152 234
l 233 234
l 115 233
l 54 232
l 231 232
l 143 232
l 230 231
l 229 230
l 5 229
l 2 228
l 227 228
l 1 228
l 226 227
l 50 226
l 225 226
l 224 225
l 223 224
l 222 223
l 126 222
l 124 222
l 128 221
l 20 221
l 129 221
l 98 221
l 188 220
l 219 220
l 218 219
l 164 218
l 185 217
l 161 217
l 184 216
l 215 216
l 214 215
l 34 214
l 213 214
l 212 213
l 210 211
l 209 210
l 208 209
l 207 208
l 206 207
l 205 206
l 204 205
l 203 204
l 202 203
l 201 202
l 200 201
l 199 200
l 198 199
l 197 198
l 196 197
l 195 196
l 194 195
l 193 194
l 192 193
l 65 192
l 177 191
l 157 191
l 158 190
l 123 190
l 189 190
l 123 189
l 188 189
l 100 189
l 21 188
l 99 188
l 26 187
l 186 187
l 24 187
l 185 186
l 184 185
l 183 184
l 89 182
l 181 182
l 180 181
l 152 179
l 116 179
l 117 179
l 46 178
l 177 178
l 154 178
l 176 177
l 174 175
l 173 174
l 172 173
l 171 172
l 170 171
l 169 170
l 168 169
l 167 168
l 165 166
l 93 165
l 23 164
l 163 164
l 162 163
l 161 162
l 160 161
l 159 160
l 158 159
l 157 158
l 45 158
l 122 158
l 156 157
l 120 156
l 155 156
l 120 155
l 154 155
l 118 154
l 46 154
l 119 153
l 152 153
l 103 152
l 150 151
l 103 151
l 149 150
l 148 149
l 105 149
l 147 148
l 146 147
l 56 147
l 58 146
l 57 145
l 144 145
l 55 144
l 143 144
l 142 143
l 141 142
l 139 140
l 138 139
l 137 138
l 136 137
l 135 136
l 134 135
l 133 134
l 131 132
l 130 131
l 19 130
l 96 130
l 17 129
l 128 129
l 127 128
l 126 127
l 125 126
l 124 125
l 100 125
l 101 124
l 101 123
l 122 123
l 121 122
l 120 121
l 119 120
l 118 119
l 117 118
l 46 117
l 116 117
l 115 116
l 42 115
l 44 115
l 43 114
l 41 114
l 112 113
l 83 112
l 72 111
l 110 111
l 70 111
l 71 111
l 37 110
l 37 109
l 108 109
l 107 108
l 106 107
l 60 107
l 105 106
l 104 105
l 103 104
l 102 103
l 101 102
l 100 101
l 99 100
l 98 99
l 20 98
l 20 97
l 96 97
l 95 96
l 22 95
l 93 94
l 23 94
l 92 93
l 91 92
l 89 90
l 82 90
l 88 89
l 87 88
l 86 87
l 85 86
l 84 85
l 69 84
l 71 84
l 70 84
l 68 83
l 81 82
l 80 81
l 79 80
l 78 79
l 77 78
l 76 77
l 75 76
l 74 75
l 73 74
l 72 73
l 71 72
l 70 71
l 69 70
l 68 69
l 67 68
l 66 67
l 65 66
l 64 65
l 63 64
l 62 63
l 61 62
l 60 61
l 59 60
l 58 59
l 57 58
l 56 57
l 55 56
l 54 55
l 53 54
l 52 53
l 51 52
l 50 51
l 49 50
l 48 49
l 47 48
l 45 46
l 44 45
l 43 44
l 42 43
l 41 42
l 40 41
l 39 40
l 38 39
l 37 38
l 36 37
l 34 35
l 33 34
l 32 33
l 31 32
l 30 31
l 29 30
l 28 29
l 27 28
l 26 27
l 25 26
l 24 25
l 23 24
l 22 23
l 21 22
l 20 21
l 19 20
l 18 19
l 17 18
l 16 17
l 15 16
l 14 15
l 13 14
l 12 13
l 11 12
l 10 11
l 9 10
l 8 9
l 7 8
l 6 7
l 5 6
l 4 5
l 3 4
l 2 3
l 1 2

k 72 190
k 438 140
k 88 480
k 695 711
k 266 186
k 611 131
k 29 554
k 253 278
k 277 721
k 678 232
k 57 632
k 396 666
k 553 720
k 87 591
k 487 291
k 187 719
k 2 547
k 36 188
k 718 381
k 24 256
k 100 534
k 264 505
k 203 616
k 716 162
k 225 127
k 224 361
k 715 530
k 252 257
k 529 236
k 714 4
k 335 705
k 713 712
k 76 99
k 615 573
k 173 25
k 388 697
k 179 1
k 594 262
k 430 619
k 523 36
k 29 16
k 515 646
k 413 710
k 710 176
k 304 82
k 213 64
k 490 610
k 568 232
k 154 128
k 508 11
k 309 443
k 296 24
k 709 707
k 697 186
k 236 410
k 468 654
k 706 490
k 448 273
k 126 173
k 666 334
k 434 219
k 534 142
k 610 310
k 522 287
k 685 227
k 403 670
k 16 237
k 346 531
k 30 704
k 18 87
k 703 379
k 456 287
k 433 702
k 694 211
k 702 255
k 263 332
k 701 641
k 587 118
k 88 295
k 542 101
k 641 124
k 322 313
k 266 64
k 13 436
k 455 687
k 370 326
k 462 395
k 398 699
k 44 425
k 532 409
k 91 422
k 686 213
k 72 621
k 602 28
k 659 351
k 609 425
k 58 253
k 615 231
k 665 651
k 296 119
k 502 282
k 117 665
k 609 154
k 693 525
k 245 691
k 518 506
k 578 487
k 327 192
k 692 318
k 27 377
k 319 665
k 24 516
k 98 531
k 305 62
k 217 213
k 507 521
k 382 476
k 193 299
k 342 373
k 201 106
k 194 476
k 688 680
k 545 246
k 595 52
k 176 649
k 504 475
k 121 272
k 469 586
k 656 497
k 315 616
k 208 687
k 198 685
k 646 216
k 606 408
k 282 497
k 160 512
k 180 219
k 8 3
k 544 499
k 684 12
k 683 627
k 624 201
k 548 46
k 28 224
k 681 523
k 670 680
k 605 25
k 477 274
k 159 25
k 380 414
k 56 73
k 105 263
k 678 144
k 677 610
k 403 89
k 548 671
k 158 475
k 48 350
k 145 433
k 243 222
k 324 419
k 670 669
k 374 596
k 111 629
k 667 47
k 653 131
k 58 385
k 456 143
k 354 193
k 246 623
k 159 626
k 662 661
k 470 153
k 94 462
k 90 71
k 134 6
k 658 136
k 491 627
k 466 31
k 657 296
k 254 654
k 343 205
k 426 107
k 266 78
k 462 362
k 290 110
k 239 552
k 197 651
k 417 239
k 564 496
k 197 177
k 80 194
k 371 445
k 524 602
k 195 647
k 460 172
k 201 152
k 63 374
k 641 639
k 385 179
k 94 235
k 315 192
k 121 506
k 638 198
k 398 302
k 629 627
k 284 618
k 624 281
k 69 622
k 621 322
k 197 242
k 178 341
k 619 334
k 251 261
k 124 617
k 616 534
k 235 428
k 583 451
k 359 76
k 182 163
k 58 458
k 493 607
k 606 601
k 270 598
k 597 345
k 414 34
k 287 533
k 264 596
k 228 432
k 149 122
k 396 52
k 594 76
k 214 100
k 592 306
k 589 513
k 276 408
k 169 424
k 117 494
k 172 579
k 151 575
k 445 573
k 360 56
k 195 223
k 572 564
k 359 273
k 563 557
k 556 555
k 155 549
k 548 417
k 214 264
k 263 533
k 485 502
k 231 196
k 528 144
k 504 277
k 159 59
k 522 520
k 481 511
k 510 506
k 505 498
k 497 285
k 268 273
k 138 317
k 472 464
k 315 29
k 425 235
k 456 231
k 452 450
k 309 31
k 143 428
k 427 411
k 410 393
k 116 374
k 385 322
k 334 370
k 369 156
k 364 343
k 274 337
k 90 222
k 300 209
k 317 302
k 301 277
k 276 254
k 241 269
k 268 246
k 190 242
k 242 191
k 232 212
k 211 183
k 86 180
k 105 176
k 175 167
k 166 141
k 140 133
k 132 60
k 113 91
k 90 83
k 82 47
k 46 36
k 35 1

