NbNoeuds: 62
NbLiaison: 76
NbCommodite: 15
Gamma: 6

v 62 0.00 47599.00
v 61 182377.00 274859.00
v 60 28019.00 13242.00
v 59 140651.00 48685.00
v 58 160790.00 90443.00
v 57 89716.00 17737.00
v 56 31701.00 10100.00
v 55 28188.00 13257.00
v 54 26055.00 40453.00
v 53 26012.00 35978.00
v 52 157945.00 149039.00
v 51 164527.00 115672.00
v 50 164932.00 114198.00
v 49 139742.00 118050.00
v 48 163506.00 73699.00
v 47 164510.00 73661.00
v 46 169706.00 82099.00
v 45 174907.00 37099.00
v 44 129805.00 25500.00
v 43 128320.00 25119.00
v 42 89720.00 16809.00
v 41 139641.00 120485.00
v 40 30986.00 13932.00
v 39 40880.00 608.00
v 38 126937.00 13662.00
v 37 174896.00 36957.00
v 36 126505.00 13600.00
v 35 94399.00 18011.00
v 34 31544.00 39524.00
v 33 47868.00 103867.00
v 32 61365.00 20807.00
v 31 94199.00 17631.00
v 30 94004.00 17900.00
v 29 93604.00 17500.00
v 28 92312.00 16507.00
v 27 88657.00 15580.00
v 26 63602.00 18900.00
v 25 31889.00 9607.00
v 24 51292.00 14681.00
v 23 33595.00 20384.00
v 22 38361.00 58551.00
v 21 37901.00 59399.00
v 20 25805.00 40751.00
v 19 45293.00 61679.00
v 18 41609.00 60370.00
v 17 39765.00 107547.00
v 16 160745.00 153178.00
v 15 194151.00 274444.00
v 14 182043.00 275734.00
v 13 127387.00 12130.00
v 12 88651.00 13412.00
v 11 39799.00 542.00
v 10 39880.00 111.00
v 9 39602.00 0.00
v 8 32426.00 8072.00
v 7 50361.00 13878.00
v 6 60902.00 20700.00
v 5 71602.00 58999.00
v 4 71002.00 66299.00
v 3 70802.00 67399.00
v 2 67302.00 66399.00
v 1 58926.00 107791.00

l 60 62
l 16 61
l 55 60
l 48 59
l 58 59
l 57 58
l 42 57
l 49 57
l 55 56
l 8 56
l 25 56
l 34 55
l 34 54
l 53 54
l 3 52
l 51 52
l 50 51
l 49 50
l 41 49
l 47 48
l 46 47
l 45 46
l 44 45
l 43 44
l 35 43
l 35 42
l 27 42
l 5 41
l 26 41
l 23 40
l 12 39
l 10 39
l 13 38
l 37 38
l 35 36
l 13 35
l 20 34
l 17 33
l 1 33
l 6 32
l 30 31
l 13 30
l 29 30
l 28 29
l 27 28
l 26 27
l 11 26
l 24 25
l 8 25
l 6 24
l 7 24
l 23 24
l 3 23
l 18 22
l 21 22
l 20 21
l 17 20
l 18 19
l 1 18
l 17 18
l 2 18
l 16 17
l 15 16
l 14 15
l 12 13
l 11 12
l 10 11
l 9 10
l 8 9
l 7 8
l 6 7
l 5 6
l 4 5
l 3 4
l 2 3
l 1 2

k 58 35
k 62 12
k 1 61
k 60 31
k 47 53
k 11 49
k 48 40
k 38 24
k 31 37
k 36 11
k 3 25
k 34 32
k 31 20
k 19 14
k 13 1

